0 0.001152073732718894 0.001288659793814433 -0.002304147465437788 -0.002577319587628866
0 0.24769585253456222 0.2074742268041237 0.06682027649769585 0.17783505154639176
0 0.3836405529953917 0.20618556701030927 0.06682027649769585 0.17010309278350516
0 0.44239631336405527 0.6520618556701031 0.15668202764976957 0.15463917525773196
0 0.29377880184331795 0.645618556701031 0.14516129032258066 0.16752577319587628
0 0.001152073732718894 0.001288659793814433 -0.002304147465437788 -0.002577319587628866
0 0.3663594470046083 0.3543814432989691 0.08755760368663594 0.22938144329896906
0 0.4573732718894009 0.35695876288659795 0.08986175115207373 0.22938144329896906
0 0.001152073732718894 0.001288659793814433 -0.002304147465437788 -0.002577319587628866
0 0.001152073732718894 0.001288659793814433 -0.002304147465437788 -0.002577319587628866
0 0.31682027649769584 0.42010309278350516 0.11290322580645161 0.29381443298969073
0 0.001152073732718894 0.001288659793814433 -0.002304147465437788 -0.002577319587628866
0 0.001152073732718894 0.001288659793814433 -0.002304147465437788 -0.002577319587628866
0 0.001152073732718894 0.001288659793814433 -0.002304147465437788 -0.002577319587628866
0 0.001152073732718894 0.001288659793814433 -0.002304147465437788 -0.002577319587628866
0 0.001152073732718894 0.001288659793814433 -0.002304147465437788 -0.002577319587628866
0 0.2661290322580645 0.07731958762886598 0.04377880184331797 0.10824742268041238
