0 0.8812500000000001 0.5916666666666667 0.040625 0.125
0 0.84765625 0.590625 0.0328125 0.09791666666666667
0 0.6101562500000001 0.5989583333333334 0.0421875 0.13125
0 0.5593750000000001 0.596875 0.040625 0.12708333333333333
0 0.49062500000000003 0.6052083333333333 0.043750000000000004 0.13541666666666666
0 0.41640625000000003 0.6135416666666667 0.0421875 0.12708333333333333
0 0.39453125 0.6083333333333333 0.0390625 0.12083333333333333
0 0.34921875 0.6052083333333333 0.0421875 0.13125
0 0.1796875 0.6041666666666666 0.040625 0.12916666666666665
0 0.25234375000000003 0.5989583333333334 0.045312500000000006 0.13958333333333334
0 0.27734375 0.6114583333333333 0.045312500000000006 0.13958333333333334
0 0.32890625 0.596875 0.0421875 0.13125
0 0.11640625 0.6010416666666667 0.0421875 0.13125
0 0.95234375 0.5927083333333333 0.0390625 0.12291666666666666
0 0.29765625 0.6114583333333333 0.0421875 0.13125
0 0.02109375 0.603125 0.035937500000000004 0.11458333333333333
0 0.984375 0.59375 0.03125 0.09583333333333333
