0 0.37734375000000003 0.503125 0.045312500000000006 0.13958333333333334
0 0.4140625 0.5125 0.05 0.15416666666666667
0 0.4609375 0.5020833333333333 0.03125 0.09583333333333333
0 0.48359375000000004 0.5041666666666667 0.035937500000000004 0.1125
0 0.51171875 0.5072916666666667 0.035937500000000004 0.11458333333333333
0 0.6429687500000001 0.5083333333333333 0.0578125 0.18333333333333332
0 0.6742187500000001 0.5041666666666667 0.060937500000000006 0.19166666666666665
0 0.7765625 0.5427083333333333 0.16875 0.5270833333333333
0 0.87265625 0.515625 0.0546875 0.16875
0 0.92578125 0.5739583333333333 0.1484375 0.46458333333333335
