0 0.2159090909090909 0.2951388888888889 0.07386363636363637 0.3333333333333333
0 0.2571022727272727 0.23090277777777776 0.05397727272727273 0.32291666666666663
0 0.3224431818181818 0.265625 0.05397727272727273 0.3368055555555555
0 0.35085227272727276 0.22395833333333331 0.04261363636363637 0.3159722222222222
0 0.3963068181818182 0.23958333333333331 0.06534090909090909 0.3194444444444444
0 0.44886363636363635 0.2378472222222222 0.0625 0.3368055555555555
0 0.5056818181818182 0.2569444444444444 0.05113636363636364 0.3055555555555555
0 0.5667613636363636 0.2569444444444444 0.06534090909090909 0.3263888888888889
0 0.6463068181818182 0.2534722222222222 0.048295454545454544 0.34027777777777773
0 0.734375 0.3784722222222222 0.09375 0.5416666666666666
