0 0.001152073732718894 0.001288659793814433 -0.002304147465437788 -0.002577319587628866
0 0.24193548387096775 0.1713917525773196 0.06451612903225806 0.16237113402061856
0 0.33294930875576034 0.17525773195876287 0.06221198156682028 0.16494845360824742
0 0.35023041474654376 0.49097938144329895 0.10599078341013825 0.2757731958762887
0 0.24308755760368664 0.4948453608247423 0.11290322580645161 0.29896907216494845
0 0.2269585253456221 0.4072164948453608 0.11290322580645161 0.29896907216494845
0 0.4504608294930876 0.4652061855670103 0.10829493087557604 0.2860824742268041
0 0.5472350230414746 0.4626288659793814 0.10829493087557604 0.2757731958762887
0 0.46889400921658986 0.6443298969072165 0.12211981566820276 0.16494845360824742
0 0.2880184331797235 0.6791237113402062 0.12903225806451613 0.1056701030927835
0 0.5841013824884793 0.604381443298969 0.1359447004608295 0.2551546391752577
0 0.001152073732718894 0.001288659793814433 -0.002304147465437788 -0.002577319587628866
0 0.001152073732718894 0.001288659793814433 -0.002304147465437788 -0.002577319587628866
0 0.001152073732718894 0.001288659793814433 -0.002304147465437788 -0.002577319587628866
0 0.001152073732718894 0.001288659793814433 -0.002304147465437788 -0.002577319587628866
0 0.001152073732718894 0.001288659793814433 -0.002304147465437788 -0.002577319587628866
0 0.3122119815668203 0.07474226804123711 0.03917050691244239 0.10309278350515463
