0 0.184375 0.5864583333333333 0.278125 0.7979166666666666
0 0.23125 0.42083333333333334 0.046875 0.175
0 0.55703125 0.55625 0.31093750000000003 0.7958333333333333
0 0.25703125 0.4114583333333333 0.0484375 0.16458333333333333
0 0.33125000000000004 0.41562499999999997 0.046875 0.20625
0 0.64375 0.4125 0.043750000000000004 0.15
0 0.1453125 0.425 0.03125 0.0875
0 0.13984375000000002 0.4270833333333333 0.045312500000000006 0.175
0 0.1875 0.46770833333333334 0.109375 0.5270833333333333
0 0.19765625 0.4979166666666667 0.15781250000000002 0.48333333333333334
0 0.7234375000000001 0.42604166666666665 0.084375 0.27708333333333335
0 0.64609375 0.425 0.07968750000000001 0.3
0 0.1125 0.44479166666666664 0.040625 0.13125
0 0.8718750000000001 0.50625 0.09062500000000001 0.4375
0 0.9 0.49166666666666664 0.05 0.4458333333333333
0 0.91015625 0.4145833333333333 0.09843750000000001 0.2833333333333333
0 0.98046875 0.41041666666666665 0.0390625 0.2625
0 0.42578125 0.41354166666666664 0.045312500000000006 0.17291666666666666
