0 0.001152073732718894 0.001288659793814433 -0.002304147465437788 -0.002577319587628866
0 0.4055299539170507 0.5786082474226804 0.14746543778801843 0.3118556701030928
0 0.6370967741935484 0.5786082474226804 0.1543778801843318 0.2963917525773196
0 0.001152073732718894 0.001288659793814433 -0.002304147465437788 -0.002577319587628866
0 0.001152073732718894 0.001288659793814433 -0.002304147465437788 -0.002577319587628866
0 0.001152073732718894 0.001288659793814433 -0.002304147465437788 -0.002577319587628866
0 0.2707373271889401 0.14432989690721648 0.04838709677419355 0.12886597938144329
0 0.32373271889400923 0.14561855670103094 0.04838709677419355 0.12628865979381443
0 0.001152073732718894 0.001288659793814433 -0.002304147465437788 -0.002577319587628866
0 0.001152073732718894 0.001288659793814433 -0.002304147465437788 -0.002577319587628866
0 0.001152073732718894 0.001288659793814433 -0.002304147465437788 -0.002577319587628866
0 0.23271889400921658 0.259020618556701 0.07373271889400922 0.18814432989690721
0 0.3859447004608295 0.26288659793814434 0.07142857142857142 0.19072164948453607
0 0.3225806451612903 0.2654639175257732 0.06912442396313365 0.18041237113402062
0 0.42626728110599077 0.2770618556701031 0.06912442396313365 0.18298969072164947
0 0.1923963133640553 0.11469072164948453 0.04377880184331797 0.11082474226804123
0 0.31797235023041476 0.07603092783505154 0.041474654377880185 0.1056701030927835
