0 0.35390625000000003 0.5041666666666667 0.048375000000000015 0.15
0 0.4306877990430623 0.5041666666666667 0.04031250000000002 0.125
0 0.45078125 0.5104166666666666 0.044343749999999994 0.1375
0 0.49296875 0.5354166666666667 0.028218750000000004 0.0875
0 0.50625 0.5145833333333333 0.04703125000000004 0.14583333333333334
0 0.5242187500000001 0.5104166666666666 0.044343749999999994 0.1375
0 0.5625 0.515625 0.055765625 0.17291666666666666
0 0.5867187500000001 0.5052083333333334 0.03695312499999997 0.11458333333333333
0 0.6046875 0.540625 0.03695312499999997 0.11458333333333333
0 0.78046875 0.515625 0.06382812499999994 0.19791666666666666
0 0.80078125 0.5114583333333333 0.05845312500000004 0.18125
0 0.86875 0.515625 0.061140625 0.18958333333333333
