0 0.001152073732718894 0.001288659793814433 -0.002304147465437788 -0.002577319587628866
0 0.41013824884792627 0.5463917525773195 0.14285714285714285 0.3711340206185567
0 0.630184331797235 0.5528350515463918 0.14516129032258066 0.3479381443298969
0 0.001152073732718894 0.001288659793814433 -0.002304147465437788 -0.002577319587628866
0 0.001152073732718894 0.001288659793814433 -0.002304147465437788 -0.002577319587628866
0 0.001152073732718894 0.001288659793814433 -0.002304147465437788 -0.002577319587628866
0 0.2891705069124424 0.15721649484536082 0.052995391705069124 0.13402061855670103
0 0.33986175115207373 0.15463917525773196 0.052995391705069124 0.13402061855670103
0 0.001152073732718894 0.001288659793814433 -0.002304147465437788 -0.002577319587628866
0 0.001152073732718894 0.001288659793814433 -0.002304147465437788 -0.002577319587628866
0 0.001152073732718894 0.001288659793814433 -0.002304147465437788 -0.002577319587628866
0 0.24423963133640553 0.28865979381443296 0.07834101382488479 0.20103092783505155
0 0.391705069124424 0.28350515463917525 0.07373271889400922 0.1958762886597938
0 0.33294930875576034 0.2899484536082474 0.07603686635944701 0.19329896907216496
0 0.44815668202764974 0.2899484536082474 0.06682027649769585 0.17783505154639176
0 0.1935483870967742 0.1056701030927835 0.041474654377880185 0.10309278350515463
0 0.2523041474654378 0.07989690721649484 0.04377880184331797 0.1134020618556701
