0 0.0 0.0 0.0 0.0
0 0.0 0.0 0.0 0.0
0 0.0 0.0 0.0 0.0
0 0.0 0.0 0.0 0.0
0 0.0 0.0 0.0 0.0
0 0.0 0.0 0.0 0.0
0 0.1532446172248804 0.08229166666666667 0.027546874999999995 0.08541666666666667
0 0.2015625 0.0875 0.028218750000000004 0.0875
0 0.0 0.0 0.0 0.0
0 0.0 0.0 0.0 0.0
0 0.0 0.0 0.0 0.0
0 0.0 0.0 0.0 0.0
0 0.10787355462519937 0.18573138297872352 0.045015625000000004 0.13958333333333334
0 0.0 0.0 0.0 0.0
0 0.0 0.0 0.0 0.0
0 0.14296875 0.15104166666666666 0.03695312499999999 0.11458333333333333
0 0.24248778907496016 0.051041666666666666 0.02082812500000002 0.06458333333333333
0 0.0 0.0 0.0 0.0
0 0.0 0.0 0.0 0.0
0 0.21406250000000002 0.35833333333333334 0.08196874999999999 0.25416666666666665
