0 0.0 0.0 0.0 0.0
0 0.2234375 0.321875 0.07457812500000001 0.23124999999999998
0 0.3515625 0.328125 0.07860937500000001 0.24375
0 0.0 0.0 0.0 0.0
0 0.0 0.0 0.0 0.0
0 0.0 0.0 0.0 0.0
0 0.17265625 0.15625 0.0403125 0.125
0 0.23203125000000002 0.15416666666666667 0.038968749999999996 0.12083333333333333
0 0.0 0.0 0.0 0.0
0 0.0 0.0 0.0 0.0
0 0.0 0.0 0.0 0.0
0 0.16953125000000002 0.31145833333333334 0.066515625 0.20625
0 0.39765625000000004 0.3177083333333333 0.06785937499999997 0.21041666666666667
0 0.2921875 0.3260416666666667 0.063828125 0.19791666666666666
0 0.43365480462519934 0.3229166666666667 0.06046874999999999 0.1875
0 0.1453125 0.065625 0.024859374999999996 0.07708333333333334
