0 0.001152073732718894 0.001288659793814433 -0.002304147465437788 -0.002577319587628866
0 0.24308755760368664 0.17396907216494845 0.06221198156682028 0.16237113402061856
0 0.3294930875576037 0.17525773195876287 0.06451612903225806 0.16494845360824742
0 0.3548387096774194 0.49097938144329895 0.10599078341013825 0.2706185567010309
0 0.2523041474654378 0.4935567010309278 0.1175115207373272 0.3015463917525773
0 0.21658986175115208 0.4072164948453608 0.1152073732718894 0.29896907216494845
0 0.4608294930875576 0.4677835051546392 0.10599078341013825 0.2809278350515464
0 0.5472350230414746 0.48195876288659795 0.12211981566820276 0.31443298969072164
0 0.4735023041474654 0.6443298969072165 0.12211981566820276 0.17010309278350516
0 0.2764976958525346 0.6765463917525774 0.1336405529953917 0.11597938144329897
0 0.6013824884792627 0.6082474226804123 0.15207373271889402 0.23711340206185566
0 0.001152073732718894 0.001288659793814433 -0.002304147465437788 -0.002577319587628866
0 0.001152073732718894 0.001288659793814433 -0.002304147465437788 -0.002577319587628866
0 0.001152073732718894 0.001288659793814433 -0.002304147465437788 -0.002577319587628866
0 0.001152073732718894 0.001288659793814433 -0.002304147465437788 -0.002577319587628866
0 0.001152073732718894 0.001288659793814433 -0.002304147465437788 -0.002577319587628866
0 0.3099078341013825 0.06958762886597938 0.04377880184331797 0.1134020618556701
