0 0.23203125000000002 0.5334330673758866 0.07921692154255316 0.24563386524822692
0 0.284375 0.5645833333333333 0.04568750000000002 0.14166666666666666
0 0.32421875 0.5291666666666667 0.07121875000000003 0.22083333333333333
0 0.48046875 0.5270833333333333 0.07525000000000004 0.23333333333333334
0 0.7327375523325359 0.5743240248226951 0.21812350398936176 0.6763519503546099
0 0.8203125 0.5491910460992907 0.14564677526595757 0.4516179078014185
0 0.8953125000000001 0.5208333333333334 0.14243749999999997 0.44166666666666665
0 0.62109375 0.515625 0.034265625000000015 0.10625
0 0.41685232879784695 0.5090314716312058 0.02642470079787227 0.08193705673758842
0 0.45 0.5177083333333333 0.02485937500000004 0.07708333333333334
0 0.1881815689792663 0.5169991134751772 0.02470212765957447 0.07659574468085104
