0 0.001152073732718894 0.001288659793814433 -0.002304147465437788 -0.002577319587628866
0 0.4055299539170507 0.5695876288659794 0.16129032258064516 0.3247422680412371
0 0.630184331797235 0.5798969072164948 0.1543778801843318 0.30412371134020616
0 0.001152073732718894 0.001288659793814433 -0.002304147465437788 -0.002577319587628866
0 0.001152073732718894 0.001288659793814433 -0.002304147465437788 -0.002577319587628866
0 0.001152073732718894 0.001288659793814433 -0.002304147465437788 -0.002577319587628866
0 0.27534562211981567 0.14948453608247422 0.04838709677419355 0.12886597938144329
0 0.32373271889400923 0.1481958762886598 0.04838709677419355 0.13144329896907217
0 0.001152073732718894 0.001288659793814433 -0.002304147465437788 -0.002577319587628866
0 0.001152073732718894 0.001288659793814433 -0.002304147465437788 -0.002577319587628866
0 0.001152073732718894 0.001288659793814433 -0.002304147465437788 -0.002577319587628866
0 0.23847926267281105 0.2667525773195876 0.07603686635944701 0.19329896907216496
0 0.3859447004608295 0.26417525773195877 0.07603686635944701 0.19329896907216496
0 0.3225806451612903 0.2654639175257732 0.06912442396313365 0.18041237113402062
0 0.434331797235023 0.27835051546391754 0.07142857142857142 0.18041237113402062
0 0.1923963133640553 0.11469072164948453 0.04377880184331797 0.11082474226804123
0 0.31451612903225806 0.07603092783505154 0.03917050691244239 0.1056701030927835
