0 0.29493087557603687 0.5257731958762887 0.12442396313364056 0.31958762886597936
0 0.25 0.12628865979381443 0.052995391705069124 0.13917525773195877
0 0.31682027649769584 0.13144329896907217 0.052995391705069124 0.13917525773195877
0 0.31797235023041476 0.2963917525773196 0.06912442396313365 0.18556701030927836
0 0.2269585253456221 0.3002577319587629 0.08064516129032258 0.20876288659793815
0 0.5898617511520737 0.5541237113402062 0.15207373271889402 0.36082474226804123
0 0.3790322580645161 0.6559278350515464 0.14055299539170507 0.15721649484536082
0 0.5368663594470046 0.654639175257732 0.11981566820276497 0.14948453608247422
0 0.001152073732718894 0.001288659793814433 -0.002304147465437788 -0.002577319587628866
0 0.001152073732718894 0.001288659793814433 -0.002304147465437788 -0.002577319587628866
0 0.001152073732718894 0.001288659793814433 -0.002304147465437788 -0.002577319587628866
0 0.001152073732718894 0.001288659793814433 -0.002304147465437788 -0.002577319587628866
0 0.001152073732718894 0.001288659793814433 -0.002304147465437788 -0.002577319587628866
0 0.001152073732718894 0.001288659793814433 -0.002304147465437788 -0.002577319587628866
0 0.001152073732718894 0.001288659793814433 -0.002304147465437788 -0.002577319587628866
0 0.001152073732718894 0.001288659793814433 -0.002304147465437788 -0.002577319587628866
0 0.2073732718894009 0.055412371134020616 0.041474654377880185 0.1056701030927835
