0 0.28456221198156684 0.5554123711340206 0.12672811059907835 0.3324742268041237
0 0.2465437788018433 0.13015463917525774 0.05069124423963134 0.13659793814432988
0 0.315668202764977 0.13530927835051546 0.05529953917050691 0.14690721649484537
0 0.31682027649769584 0.31958762886597936 0.07603686635944701 0.20103092783505155
0 0.22350230414746544 0.31572164948453607 0.07834101382488479 0.20876288659793815
0 0.5241935483870968 0.4832474226804124 0.1313364055299539 0.2603092783505155
0 0.402073732718894 0.6237113402061856 0.1359447004608295 0.21649484536082475
0 0.5460829493087558 0.6314432989690721 0.1336405529953917 0.20618556701030927
0 0.001152073732718894 0.001288659793814433 -0.002304147465437788 -0.002577319587628866
0 0.001152073732718894 0.001288659793814433 -0.002304147465437788 -0.002577319587628866
0 0.001152073732718894 0.001288659793814433 -0.002304147465437788 -0.002577319587628866
0 0.001152073732718894 0.001288659793814433 -0.002304147465437788 -0.002577319587628866
0 0.001152073732718894 0.001288659793814433 -0.002304147465437788 -0.002577319587628866
0 0.001152073732718894 0.001288659793814433 -0.002304147465437788 -0.002577319587628866
0 0.001152073732718894 0.001288659793814433 -0.002304147465437788 -0.002577319587628866
0 0.001152073732718894 0.001288659793814433 -0.002304147465437788 -0.002577319587628866
0 0.21428571428571427 0.055412371134020616 0.041474654377880185 0.1056701030927835
