0 0.74375 0.553125 0.15000000000000002 0.63125
0 0.0328125 0.4145833333333333 0.037500000000000006 0.14583333333333334
0 0.1078125 0.409375 0.046875 0.14375
0 0.82578125 0.3677083333333333 0.0328125 0.13541666666666666
0 0.18125000000000002 0.4041666666666667 0.03125 0.07916666666666666
0 0.275 0.39166666666666666 0.028125 0.06666666666666667
0 0.7328125000000001 0.49166666666666664 0.140625 0.5041666666666667
0 0.44921875 0.3989583333333333 0.0421875 0.11875
0 0.5359375000000001 0.39375 0.025 0.11666666666666667
0 0.55625 0.39166666666666666 0.03125 0.125
0 0.6171875 0.3927083333333333 0.05 0.13541666666666666
0 0.915625 0.375 0.040625 0.14166666666666666
0 0.88046875 0.365625 0.0390625 0.12708333333333333
0 0.6804687500000001 0.3885416666666667 0.0171875 0.12291666666666666
