0 0.0 0.0 0.0 0.0
0 0.0 0.0 0.0 0.0
0 0.0 0.0 0.0 0.0
0 0.0 0.0 0.0 0.0
0 0.0 0.0 0.0 0.0
0 0.0 0.0 0.0 0.0
0 0.18515625000000002 0.09479166666666666 0.030234375000000015 0.09375
0 0.21670653907496018 0.09479166666666666 0.028890625000000017 0.08958333333333333
0 0.0 0.0 0.0 0.0
0 0.0 0.0 0.0 0.0
0 0.0 0.0 0.0 0.0
0 0.0 0.0 0.0 0.0
0 0.20234375000000002 0.16979166666666667 0.045015625000000004 0.13958333333333334
0 0.1375 0.178125 0.04232812500000001 0.13125
0 0.10954757276714513 0.196875 0.043671875 0.13541666666666666
0 0.1421875 0.13132313829787232 0.03632842420212763 0.11264627659574462
0 0.24042252292663477 0.051041666666666666 0.02082812500000002 0.06458333333333333
0 0.0 0.0 0.0 0.0
0 0.0 0.0 0.0 0.0
0 0.09470506877990431 0.29375 0.07121874999999998 0.22083333333333333
