0 0.0 0.0 0.0 0.0
0 0.0 0.0 0.0 0.0
0 0.0 0.0 0.0 0.0
0 0.0 0.0 0.0 0.0
0 0.0 0.0 0.0 0.0
0 0.0 0.0 0.0 0.0
0 0.18046875 0.09479166666666666 0.030234375000000015 0.09375
0 0.215625 0.09479166666666666 0.028890625000000017 0.08958333333333333
0 0.0 0.0 0.0 0.0
0 0.0 0.0 0.0 0.0
0 0.0 0.0 0.0 0.0
0 0.0 0.0 0.0 0.0
0 0.19687500000000002 0.17083333333333334 0.044343749999999994 0.1375
0 0.13359375 0.18125 0.043 0.13333333333333333
0 0.1421875 0.1339029255319149 0.037992386968085115 0.11780585106382979
0 0.2390625 0.051041666666666666 0.02082812500000002 0.06458333333333333
0 0.0 0.0 0.0 0.0
0 0.0 0.0 0.0 0.0
0 0.1171875 0.29375 0.07121874999999998 0.22083333333333333
