0 0.001152073732718894 0.001288659793814433 -0.002304147465437788 -0.002577319587628866
0 0.271889400921659 0.24871134020618557 0.07834101382488479 0.2036082474226804
0 0.44930875576036866 0.25257731958762886 0.08294930875576037 0.211340206185567
0 0.001152073732718894 0.001288659793814433 -0.002304147465437788 -0.002577319587628866
0 0.001152073732718894 0.001288659793814433 -0.002304147465437788 -0.002577319587628866
0 0.001152073732718894 0.001288659793814433 -0.002304147465437788 -0.002577319587628866
0 0.3317972350230415 0.28737113402061853 0.07834101382488479 0.19845360824742267
0 0.39631336405529954 0.28737113402061853 0.07834101382488479 0.2036082474226804
0 0.001152073732718894 0.001288659793814433 -0.002304147465437788 -0.002577319587628866
0 0.001152073732718894 0.001288659793814433 -0.002304147465437788 -0.002577319587628866
0 0.2108294930875576 0.30670103092783507 0.08986175115207373 0.23195876288659795
0 0.3456221198156682 0.6507731958762887 0.14285714285714285 0.16752577319587628
0 0.6290322580645161 0.6533505154639175 0.14746543778801843 0.14175257731958762
0 0.4596774193548387 0.6713917525773195 0.15898617511520738 0.13144329896907217
0 0.7246543778801844 0.672680412371134 0.1497695852534562 0.14432989690721648
0 0.001152073732718894 0.001288659793814433 -0.002304147465437788 -0.002577319587628866
