0 0.1305032980535726 0.5151261737089201 0.20757437354984698 0.6514084507042254
0 0.3417630095614844 0.5147127563329312 0.16887816646562134 0.5886610373944512
0 0.04570233682624025 0.48297459288299155 0.06055360471163565 0.45591701849617994
0 0.1986271462860171 0.4719966668720438 0.09243485650448308 0.4012586131972437
0 0.248795335006741 0.48393196090257573 0.10132689987937274 0.4036992360273423
0 0.7936530066640648 0.4023595983427548 0.02801109889070217 0.10954808139580716
0 0.8058491545743749 0.397261297875837 0.030156815440289454 0.10301711072198903
0 0.9255372560476243 0.3991706414060704 0.032049146369947226 0.11050018300619312
0 0.5467356324971938 0.48139305430359575 0.1307189722318902 0.522513009679318
0 0.44923286264729634 0.5575206912318754 0.0854677021802373 0.3379746353789097
0 0.46794581679736197 0.4990053722747979 0.10889619430520919 0.5022676282832523
0 0.7936788309245663 0.47036705599509615 0.19452574134378786 0.5106250448410163
