0 0.001152073732718894 0.001288659793814433 -0.002304147465437788 -0.002577319587628866
0 0.27764976958525345 0.2770618556701031 0.08525345622119816 0.2190721649484536
0 0.4539170506912442 0.2822164948453608 0.08294930875576037 0.2190721649484536
0 0.001152073732718894 0.001288659793814433 -0.002304147465437788 -0.002577319587628866
0 0.001152073732718894 0.001288659793814433 -0.002304147465437788 -0.002577319587628866
0 0.001152073732718894 0.001288659793814433 -0.002304147465437788 -0.002577319587628866
0 0.3225806451612903 0.2538659793814433 0.06912442396313365 0.18298969072164947
0 0.3847926267281106 0.25773195876288657 0.06912442396313365 0.18556701030927836
0 0.001152073732718894 0.001288659793814433 -0.002304147465437788 -0.002577319587628866
0 0.001152073732718894 0.001288659793814433 -0.002304147465437788 -0.002577319587628866
0 0.1912442396313364 0.2603092783505155 0.07834101382488479 0.20618556701030927
0 0.33986175115207373 0.5850515463917526 0.1497695852534562 0.28350515463917525
0 0.5518433179723502 0.5966494845360825 0.1497695852534562 0.2706185567010309
0 0.4147465437788018 0.6172680412371134 0.1382488479262673 0.25
0 0.6624423963133641 0.6146907216494846 0.14055299539170507 0.23969072164948454
0 0.001152073732718894 0.001288659793814433 -0.002304147465437788 -0.002577319587628866
