0 0.11328125 0.5 0.11959375 0.37083333333333335
0 0.2828125 0.5239583333333333 0.10682812500000001 0.33125
0 0.36484375 0.5083333333333333 0.04300000000000002 0.13333333333333333
0 0.41328125000000004 0.509375 0.034265624999999966 0.10625
0 0.4546875 0.5072916666666667 0.03829687499999999 0.11875
0 0.49453125000000003 0.5114583333333333 0.03560937500000003 0.11041666666666666
0 0.5359375000000001 0.5270833333333333 0.07121874999999998 0.22083333333333333
0 0.5750000000000001 0.5375 0.09003125000000001 0.2791666666666667
0 0.6515625 0.584375 0.06517187499999998 0.20208333333333334
0 0.61328125 0.5177083333333333 0.06517187499999998 0.20208333333333334
0 0.71640625 0.55 0.04971874999999999 0.15416666666666667
0 0.74609375 0.5229166666666667 0.048374999999999974 0.15
0 0.7889329146730463 0.5395833333333333 0.07121874999999998 0.22083333333333333
