0 0.17301260964912285 0.5247229609929077 0.09830103058510642 0.3048093971631206
0 0.35468750000000004 0.5520833333333334 0.07525 0.23333333333333334
0 0.7390625000000001 0.5552083333333333 0.05845312500000004 0.18125
0 0.2852633572567783 0.5375775709219859 0.08326246675531915 0.2581781914893616
0 0.24531250000000002 0.5385416666666667 0.07189062499999999 0.22291666666666665
0 0.8953125000000001 0.5666666666666667 0.04031249999999993 0.125
0 0.83359375 0.5458333333333333 0.03628125000000004 0.1125
0 0.5305335426634769 0.540625 0.03964062500000001 0.12291666666666666
0 0.5890625 0.54375 0.04031250000000002 0.125
0 0.6046875 0.5395833333333333 0.03762499999999998 0.11666666666666667
0 0.8609375 0.5467863475177306 0.03019148936170222 0.09361702127659577
