0 0.001152073732718894 0.001288659793814433 -0.002304147465437788 -0.002577319587628866
0 0.001152073732718894 0.001288659793814433 -0.002304147465437788 -0.002577319587628866
0 0.001152073732718894 0.001288659793814433 -0.002304147465437788 -0.002577319587628866
0 0.001152073732718894 0.001288659793814433 -0.002304147465437788 -0.002577319587628866
0 0.001152073732718894 0.001288659793814433 -0.002304147465437788 -0.002577319587628866
0 0.2799539170506912 0.11855670103092783 0.04377880184331797 0.1134020618556701
0 0.32142857142857145 0.1211340206185567 0.04377880184331797 0.1134020618556701
0 0.001152073732718894 0.001288659793814433 -0.002304147465437788 -0.002577319587628866
0 0.001152073732718894 0.001288659793814433 -0.002304147465437788 -0.002577319587628866
0 0.001152073732718894 0.001288659793814433 -0.002304147465437788 -0.002577319587628866
0 0.001152073732718894 0.001288659793814433 -0.002304147465437788 -0.002577319587628866
0 0.30069124423963134 0.21005154639175258 0.06682027649769585 0.17268041237113402
0 0.22350230414746544 0.21649484536082475 0.059907834101382486 0.15979381443298968
0 0.1774193548387097 0.24355670103092783 0.06451612903225806 0.16752577319587628
0 0.2073732718894009 0.15335051546391754 0.05069124423963134 0.13144329896907217
0 0.35368663594470046 0.06314432989690721 0.029953917050691243 0.07989690721649484
