0 0.2995391705069124 0.5373711340206185 0.12442396313364056 0.32216494845360827
0 0.2488479262672811 0.13015463917525774 0.05069124423963134 0.13659793814432988
0 0.315668202764977 0.13015463917525774 0.05069124423963134 0.13659793814432988
0 0.3191244239631336 0.3118556701030928 0.07603686635944701 0.20103092783505155
0 0.22004608294930875 0.3079896907216495 0.08064516129032258 0.20876288659793815
0 0.5587557603686636 0.49097938144329895 0.1497695852534562 0.2654639175257732
0 0.37327188940092165 0.6365979381443299 0.15207373271889402 0.18556701030927836
0 0.5552995391705069 0.645618556701031 0.16589861751152074 0.17783505154639176
0 0.001152073732718894 0.001288659793814433 -0.002304147465437788 -0.002577319587628866
0 0.001152073732718894 0.001288659793814433 -0.002304147465437788 -0.002577319587628866
0 0.001152073732718894 0.001288659793814433 -0.002304147465437788 -0.002577319587628866
0 0.001152073732718894 0.001288659793814433 -0.002304147465437788 -0.002577319587628866
0 0.001152073732718894 0.001288659793814433 -0.002304147465437788 -0.002577319587628866
0 0.001152073732718894 0.001288659793814433 -0.002304147465437788 -0.002577319587628866
0 0.001152073732718894 0.001288659793814433 -0.002304147465437788 -0.002577319587628866
0 0.001152073732718894 0.001288659793814433 -0.002304147465437788 -0.002577319587628866
0 0.2119815668202765 0.05670103092783505 0.041474654377880185 0.10824742268041238
