0 0.08984375 0.5177083333333333 0.0578125 0.18125
0 0.253125 0.5020833333333333 0.040625 0.125
0 0.275 0.49374999999999997 0.043750000000000004 0.13333333333333333
0 0.5085937500000001 0.5125 0.0421875 0.12916666666666665
0 0.94921875 0.5114583333333333 0.06406250000000001 0.20208333333333334
0 0.9750000000000001 0.5114583333333333 0.05 0.19375
0 0.4078125 0.4979166666666667 0.028125 0.08333333333333333
0 0.4921875 0.5197916666666667 0.034375 0.10625
0 0.6156250000000001 0.4895833333333333 0.03125 0.09583333333333333
0 0.5906250000000001 0.49166666666666664 0.028125 0.0875
0 0.35078125000000004 0.4927083333333333 0.0234375 0.07708333333333334
0 0.15625 0.50625 0.028125 0.09166666666666666
0 0.20234375000000002 0.496875 0.029687500000000002 0.09375
0 0.17578125 0.5010416666666666 0.029687500000000002 0.09375
