0 0.2703125 0.49583333333333335 0.05240624999999999 0.1625
0 0.35546875 0.49895833333333334 0.053078125000000004 0.16458333333333333
0 0.42734375 0.49583333333333335 0.03224999999999998 0.1
0 0.45859375 0.4927083333333333 0.03829687499999999 0.11875
0 0.49609375 0.490625 0.03964062500000001 0.12291666666666666
0 0.5234375 0.5041666666666667 0.04031250000000002 0.125
0 0.578125 0.5020833333333333 0.0725625 0.225
0 0.6171875 0.5302083333333333 0.122953125 0.38125
0 0.67890625 0.546875 0.13235937499999997 0.41041666666666665
0 0.73359375 0.5104166666666666 0.08196874999999998 0.25416666666666665
0 0.78828125 0.6291666666666667 0.09406250000000008 0.2916666666666667
0 0.894720643939394 0.5627437943262413 0.07204787234042556 0.22340425531914906
