0 0.24005681818181818 0.08159722222222222 0.048295454545454544 0.15625
0 0.27840909090909094 0.08159722222222222 0.03977272727272727 0.15625
0 0.22017045454545456 0.22916666666666666 0.06534090909090909 0.25
0 0.27982954545454547 0.35416666666666663 0.09375 0.46527777777777773
0 0.17329545454545456 0.6440972222222222 0.14204545454545456 0.642361111111111
0 0.3778409090909091 0.5538194444444444 0.14772727272727273 0.6284722222222222
0 0.39488636363636365 0.24305555555555555 0.13636363636363635 0.2361111111111111
0 0.5284090909090909 0.16319444444444445 0.0625 0.21527777777777776
0 0.5454545454545454 0.453125 0.13068181818181818 0.517361111111111
0 0.6803977272727273 0.19270833333333331 0.09943181818181819 0.22569444444444442
0 0.6647727272727273 0.515625 0.10227272727272728 0.5659722222222222
0 0.7613636363636364 0.3958333333333333 0.07386363636363637 0.5069444444444444
0 0.8252840909090909 0.5520833333333333 0.11647727272727273 0.5694444444444444
