0 0.7523437500000001 0.5364583333333334 0.0484375 0.14791666666666667
0 0.2984375 0.53125 0.05 0.15833333333333333
0 0.017968750000000002 0.5072916666666667 0.0328125 0.13125
0 0.553125 0.5322916666666666 0.043750000000000004 0.13541666666666666
0 0.5164062500000001 0.525 0.045312500000000006 0.14166666666666666
0 0.48671875000000003 0.5270833333333333 0.0421875 0.12916666666666665
0 0.45703125 0.521875 0.051562500000000004 0.16041666666666665
0 0.4421875 0.5208333333333334 0.046875 0.14166666666666666
0 0.20390625 0.5041666666666667 0.029687500000000002 0.09583333333333333
0 0.92109375 0.5520833333333334 0.035937500000000004 0.1125
0 0.6195312500000001 0.5322916666666666 0.029687500000000002 0.08958333333333333
0 0.6890625 0.528125 0.028125 0.08958333333333333
0 0.98203125 0.5395833333333333 0.029687500000000002 0.09166666666666666
