0 0.0 0.0 0.0 0.0
0 0.2 0.25192154255319144 0.06170814494680848 0.19134308510638293
0 0.31875000000000003 0.259375 0.062484375000000016 0.19375
0 0.0 0.0 0.0 0.0
0 0.0 0.0 0.0 0.0
0 0.0 0.0 0.0 0.0
0 0.1946508672248804 0.17845079787234042 0.042538264627659576 0.13190159574468083
0 0.24375000000000002 0.18541666666666667 0.044343749999999994 0.1375
0 0.0 0.0 0.0 0.0
0 0.0 0.0 0.0 0.0
0 0.0 0.0 0.0 0.0
0 0.20390625 0.4239583333333333 0.08532812500000003 0.26458333333333334
0 0.34296875000000004 0.42916666666666664 0.08734375000000001 0.2708333333333333
0 0.25703125 0.4270833333333333 0.07928125000000003 0.24583333333333332
0 0.39765625000000004 0.43854166666666666 0.07995312499999999 0.24791666666666667
0 0.15234375 0.052083333333333336 0.02284375000000001 0.07083333333333333
