0 0.22109375 0.5395833333333333 0.08062500000000002 0.25
0 0.27734375 0.5708333333333333 0.04703125 0.14583333333333334
0 0.3314767743221691 0.5291666666666667 0.07121874999999998 0.22083333333333333
0 0.484375 0.5375 0.07928125000000003 0.24583333333333332
0 0.7640625000000001 0.5791666666666666 0.24053125000000009 0.7458333333333333
0 0.8163919333133971 0.5499778368794326 0.1406648936170213 0.4361702127659574
0 0.9015625 0.53125 0.14378124999999997 0.4458333333333333
0 0.6195312500000001 0.5197916666666667 0.034265625000000015 0.10625
0 0.4140625 0.509375 0.028890625000000017 0.08958333333333333
0 0.45 0.51875 0.021499999999999988 0.06666666666666667
