0 0.001152073732718894 0.001288659793814433 -0.002304147465437788 -0.002577319587628866
0 0.326036866359447 0.37628865979381443 0.10829493087557604 0.27835051546391754
0 0.5253456221198156 0.384020618556701 0.11059907834101382 0.28865979381443296
0 0.001152073732718894 0.001288659793814433 -0.002304147465437788 -0.002577319587628866
0 0.001152073732718894 0.001288659793814433 -0.002304147465437788 -0.002577319587628866
0 0.001152073732718894 0.001288659793814433 -0.002304147465437788 -0.002577319587628866
0 0.24308755760368664 0.19845360824742267 0.0576036866359447 0.15463917525773196
0 0.3456221198156682 0.20103092783505155 0.059907834101382486 0.15979381443298968
0 0.001152073732718894 0.001288659793814433 -0.002304147465437788 -0.002577319587628866
0 0.001152073732718894 0.001288659793814433 -0.002304147465437788 -0.002577319587628866
0 0.001152073732718894 0.001288659793814433 -0.002304147465437788 -0.002577319587628866
0 0.271889400921659 0.4175257731958763 0.10138248847926268 0.26288659793814434
0 0.5921658986175116 0.4149484536082474 0.10599078341013825 0.27319587628865977
0 0.39055299539170507 0.42783505154639173 0.09907834101382489 0.25773195876288657
0 0.6670506912442397 0.42396907216494845 0.0944700460829493 0.24484536082474226
0 0.21658986175115208 0.07860824742268041 0.03686635944700461 0.09020618556701031
