0 0.001152073732718894 0.001288659793814433 -0.002304147465437788 -0.002577319587628866
0 0.28225806451612906 0.2912371134020619 0.08986175115207373 0.23195876288659795
0 0.45506912442396313 0.297680412371134 0.08986175115207373 0.2345360824742268
0 0.001152073732718894 0.001288659793814433 -0.002304147465437788 -0.002577319587628866
0 0.001152073732718894 0.001288659793814433 -0.002304147465437788 -0.002577319587628866
0 0.001152073732718894 0.001288659793814433 -0.002304147465437788 -0.002577319587628866
0 0.31451612903225806 0.24097938144329897 0.06682027649769585 0.17783505154639176
0 0.3824884792626728 0.24097938144329897 0.06912442396313365 0.17783505154639176
0 0.001152073732718894 0.001288659793814433 -0.002304147465437788 -0.002577319587628866
0 0.001152073732718894 0.001288659793814433 -0.002304147465437788 -0.002577319587628866
0 0.16705069124423963 0.23582474226804123 0.07142857142857142 0.18814432989690721
0 0.3087557603686636 0.5657216494845361 0.14285714285714285 0.3376288659793814
0 0.5264976958525346 0.5695876288659794 0.1313364055299539 0.31958762886597936
0 0.41589861751152074 0.5837628865979382 0.12211981566820276 0.2963917525773196
0 0.6094470046082949 0.586340206185567 0.12672811059907835 0.2963917525773196
0 0.22465437788018433 0.07087628865979381 0.03917050691244239 0.10051546391752578
0 0.16013824884792627 0.08891752577319588 0.03456221198156682 0.09536082474226804
