0 0.40198863636363635 0.4461805555555555 0.09375 0.17708333333333331
0 0.37926136363636365 0.6163194444444444 0.09375 0.3368055555555555
0 0.49715909090909094 0.6805555555555555 0.08522727272727273 0.4097222222222222
0 0.5326704545454546 0.5243055555555556 0.07102272727272728 0.2986111111111111
0 0.5625 0.44965277777777773 0.06818181818181818 0.2951388888888889
0 0.6278409090909091 0.4375 0.05113636363636364 0.2222222222222222
0 0.671875 0.44965277777777773 0.048295454545454544 0.23958333333333331
0 0.7230113636363636 0.6284722222222222 0.07670454545454546 0.3958333333333333
0 0.6931818181818182 0.6961805555555555 0.05681818181818182 0.3993055555555555
0 0.6178977272727273 0.703125 0.09375 0.3993055555555555
