0 0.001152073732718894 0.001288659793814433 -0.002304147465437788 -0.002577319587628866
0 0.24308755760368664 0.2074742268041237 0.06682027649769585 0.17783505154639176
0 0.3813364055299539 0.2036082474226804 0.06682027649769585 0.17525773195876287
0 0.434331797235023 0.6404639175257731 0.14516129032258066 0.18298969072164947
0 0.29377880184331795 0.6365979381443299 0.1313364055299539 0.1958762886597938
0 0.001152073732718894 0.001288659793814433 -0.002304147465437788 -0.002577319587628866
0 0.37327188940092165 0.35695876288659795 0.08294930875576037 0.2190721649484536
0 0.45622119815668205 0.36211340206185566 0.09216589861751152 0.23969072164948454
0 0.001152073732718894 0.001288659793814433 -0.002304147465437788 -0.002577319587628866
0 0.001152073732718894 0.001288659793814433 -0.002304147465437788 -0.002577319587628866
0 0.3352534562211982 0.4381443298969072 0.1175115207373272 0.30412371134020616
0 0.001152073732718894 0.001288659793814433 -0.002304147465437788 -0.002577319587628866
0 0.001152073732718894 0.001288659793814433 -0.002304147465437788 -0.002577319587628866
0 0.001152073732718894 0.001288659793814433 -0.002304147465437788 -0.002577319587628866
0 0.001152073732718894 0.001288659793814433 -0.002304147465437788 -0.002577319587628866
0 0.001152073732718894 0.001288659793814433 -0.002304147465437788 -0.002577319587628866
0 0.27764976958525345 0.07731958762886598 0.04377880184331797 0.10824742268041238
