0 0.001152073732718894 0.001288659793814433 -0.002304147465437788 -0.002577319587628866
0 0.2465437788018433 0.211340206185567 0.06912442396313365 0.18556701030927836
0 0.3870967741935484 0.21649484536082475 0.06912442396313365 0.18556701030927836
0 0.434331797235023 0.6610824742268041 0.1497695852534562 0.14175257731958762
0 0.2799539170506912 0.6623711340206185 0.1359447004608295 0.14432989690721648
0 0.001152073732718894 0.001288659793814433 -0.002304147465437788 -0.002577319587628866
0 0.3513824884792627 0.3427835051546392 0.08986175115207373 0.23711340206185566
0 0.4470046082949309 0.3440721649484536 0.08755760368663594 0.22938144329896906
0 0.001152073732718894 0.001288659793814433 -0.002304147465437788 -0.002577319587628866
0 0.001152073732718894 0.001288659793814433 -0.002304147465437788 -0.002577319587628866
0 0.29838709677419356 0.4072164948453608 0.10829493087557604 0.28350515463917525
0 0.001152073732718894 0.001288659793814433 -0.002304147465437788 -0.002577319587628866
0 0.001152073732718894 0.001288659793814433 -0.002304147465437788 -0.002577319587628866
0 0.001152073732718894 0.001288659793814433 -0.002304147465437788 -0.002577319587628866
0 0.001152073732718894 0.001288659793814433 -0.002304147465437788 -0.002577319587628866
0 0.001152073732718894 0.001288659793814433 -0.002304147465437788 -0.002577319587628866
0 0.25806451612903225 0.07860824742268041 0.041474654377880185 0.11082474226804123
