0 0.1484375 0.49305186170212767 0.10257529920212766 0.31806294326241136
0 0.21796875000000002 0.5010416666666666 0.09070312499999998 0.28125
0 0.28203125 0.5104166666666666 0.086 0.26666666666666666
0 0.3158852359948166 0.508521719858156 0.05765974069148938 0.1787898936170213
0 0.3555659389952154 0.5062056737588653 0.03762500000000002 0.11666666666666667
0 0.4390625 0.5229166666666667 0.09674999999999999 0.3
0 0.525 0.51875 0.09675000000000003 0.3
0 0.38766198165869226 0.5010859929078014 0.024859374999999996 0.07708333333333334
0 0.7711161782296652 0.534020390070922 0.09057446808510648 0.28085106382978725
0 0.10285461523125997 0.5223182624113475 0.04597340425531914 0.14255319148936169
0 0.04065365829346093 0.5255097517730496 0.046659574468085135 0.14468085106382986
0 0.8779742324561403 0.5510416666666667 0.07959574468085116 0.24680851063829792
0 0.9114670554226475 0.5361480496453901 0.07547872340425528 0.23404255319148934
