0 0.865463018341308 0.5312389184397164 0.08466339760638296 0.26252216312056725
0 0.80390625 0.5447916666666667 0.08532812499999994 0.26458333333333334
0 0.6843750000000001 0.5270833333333333 0.06987500000000005 0.21666666666666667
0 0.57421875 0.5041666666666667 0.04031250000000002 0.125
0 0.5242187500000001 0.521875 0.083984375 0.2604166666666667
0 0.35003239633173844 0.528701241134752 0.13105851063829785 0.4063829787234043
0 0.25849656100478474 0.5182734929078014 0.10511984707446805 0.325953014184397
0 0.06406250000000001 0.48854166666666665 0.07995312500000001 0.24791666666666667
0 0.1546875 0.5041666666666667 0.07121875 0.22083333333333333
0 0.19921875 0.4979166666666667 0.05643750000000001 0.175
0 0.46718750000000003 0.5 0.03359375 0.10416666666666667
0 0.2982294158692185 0.49891400709219874 0.05420744680851062 0.1680851063829787
