0 0.24078341013824886 0.16752577319587628 0.0576036866359447 0.15463917525773196
0 0.3271889400921659 0.1713917525773196 0.06451612903225806 0.16237113402061856
0 0.358294930875576 0.4626288659793814 0.09907834101382489 0.2603092783505155
0 0.2730414746543779 0.4626288659793814 0.11290322580645161 0.2912371134020619
0 0.20852534562211983 0.42010309278350516 0.1175115207373272 0.30412371134020616
0 0.43202764976958524 0.49097938144329895 0.1175115207373272 0.30670103092783507
0 0.5368663594470046 0.4935567010309278 0.1152073732718894 0.3015463917525773
0 0.39976958525345624 0.6378865979381443 0.1313364055299539 0.18298969072164947
0 0.23847926267281105 0.6623711340206185 0.11290322580645161 0.13917525773195877
0 0.5622119815668203 0.6314432989690721 0.1336405529953917 0.20103092783505155
0 0.001152073732718894 0.001288659793814433 -0.002304147465437788 -0.002577319587628866
0 0.001152073732718894 0.001288659793814433 -0.002304147465437788 -0.002577319587628866
0 0.001152073732718894 0.001288659793814433 -0.002304147465437788 -0.002577319587628866
0 0.001152073732718894 0.001288659793814433 -0.002304147465437788 -0.002577319587628866
0 0.001152073732718894 0.001288659793814433 -0.002304147465437788 -0.002577319587628866
0 0.2960829493087558 0.06829896907216494 0.03917050691244239 0.1056701030927835
