0 0.27265625 0.509375 0.09607812500000001 0.29791666666666666
0 0.37109375 0.528125 0.11354687499999999 0.3520833333333333
0 0.42421875000000003 0.5052083333333334 0.04098437500000003 0.12708333333333333
0 0.503125 0.5020833333333333 0.030906249999999958 0.09583333333333333
0 0.5281250000000001 0.4979166666666667 0.02284375000000001 0.07083333333333333
0 0.55078125 0.4979166666666667 0.03224999999999998 0.1
0 0.5921875 0.5010416666666666 0.034265625000000015 0.10625
0 0.6664062500000001 0.5166666666666666 0.048374999999999974 0.15
0 0.7445312500000001 0.5166666666666666 0.12496875000000003 0.3875
0 0.8053515126594896 0.5208333333333334 0.09271875000000006 0.2875
0 0.4578125 0.49583333333333335 0.025531249999999964 0.07916666666666666
0 0.47578125000000004 0.49583333333333335 0.02418750000000003 0.075
