0 0.001152073732718894 0.001288659793814433 -0.002304147465437788 -0.002577319587628866
0 0.24193548387096775 0.20103092783505155 0.06912442396313365 0.17525773195876287
0 0.3778801843317972 0.20103092783505155 0.06912442396313365 0.18041237113402062
0 0.4228110599078341 0.6185567010309279 0.15898617511520738 0.211340206185567
0 0.2857142857142857 0.6108247422680412 0.14746543778801843 0.23195876288659795
0 0.001152073732718894 0.001288659793814433 -0.002304147465437788 -0.002577319587628866
0 0.38940092165898615 0.3672680412371134 0.09216589861751152 0.23969072164948454
0 0.4827188940092166 0.3711340206185567 0.08986175115207373 0.24742268041237114
0 0.001152073732718894 0.001288659793814433 -0.002304147465437788 -0.002577319587628866
0 0.001152073732718894 0.001288659793814433 -0.002304147465437788 -0.002577319587628866
0 0.37327188940092165 0.4536082474226804 0.1152073732718894 0.30412371134020616
0 0.001152073732718894 0.001288659793814433 -0.002304147465437788 -0.002577319587628866
0 0.001152073732718894 0.001288659793814433 -0.002304147465437788 -0.002577319587628866
0 0.001152073732718894 0.001288659793814433 -0.002304147465437788 -0.002577319587628866
0 0.001152073732718894 0.001288659793814433 -0.002304147465437788 -0.002577319587628866
0 0.001152073732718894 0.001288659793814433 -0.002304147465437788 -0.002577319587628866
0 0.2868663594470046 0.07731958762886598 0.04377880184331797 0.10824742268041238
