0 0.39765625000000004 0.48541666666666666 0.08868749999999999 0.275
0 0.49765625 0.48541666666666666 0.03359375 0.10416666666666667
0 0.56015625 0.4864583333333333 0.03560937500000003 0.11041666666666666
0 0.5945312500000001 0.49156693262411355 0.06456432845744678 0.20019946808510625
0 0.6218750000000001 0.4979166666666667 0.048374999999999974 0.15
0 0.703125 0.4979166666666667 0.06987500000000005 0.21666666666666667
0 0.7468750000000001 0.4927083333333333 0.045015625000000004 0.13958333333333334
0 0.86328125 0.5145833333333333 0.10481250000000007 0.325
0 0.95859375 0.509375 0.06785937499999993 0.21041666666666667
0 0.4664909788676237 0.48189273049645404 0.03087765957446811 0.09574468085106388
