0 0.0 0.0 0.0 0.0
0 0.16562500000000002 0.14583333333333334 0.04165625 0.12916666666666665
0 0.23515625 0.15 0.044343749999999994 0.1375
0 0.2515625 0.44895833333333335 0.07995312499999999 0.24791666666666667
0 0.1609375 0.45416666666666666 0.08734375 0.2708333333333333
0 0.14140625 0.29791666666666666 0.06853125 0.2125
0 0.30312500000000003 0.346875 0.07054687500000001 0.21875
0 0.35988150418660286 0.3424224290780142 0.06767496675531914 0.20984485815602838
0 0.0 0.0 0.0 0.0
0 0.3629454495614035 0.4614827127659574 0.0907188497340425 0.2812987588652482
0 0.0 0.0 0.0 0.0
0 0.0 0.0 0.0 0.0
0 0.0 0.0 0.0 0.0
0 0.0 0.0 0.0 0.0
0 0.0 0.0 0.0 0.0
0 0.2 0.059375 0.026203124999999994 0.08125
