0 0.001152073732718894 0.001288659793814433 -0.002304147465437788 -0.002577319587628866
0 0.39631336405529954 0.5515463917525774 0.15207373271889402 0.3556701030927835
0 0.6290322580645161 0.5554123711340206 0.15207373271889402 0.3530927835051546
0 0.001152073732718894 0.001288659793814433 -0.002304147465437788 -0.002577319587628866
0 0.001152073732718894 0.001288659793814433 -0.002304147465437788 -0.002577319587628866
0 0.001152073732718894 0.001288659793814433 -0.002304147465437788 -0.002577319587628866
0 0.28110599078341014 0.1559278350515464 0.05069124423963134 0.13659793814432988
0 0.3352534562211982 0.15463917525773196 0.052995391705069124 0.13402061855670103
0 0.001152073732718894 0.001288659793814433 -0.002304147465437788 -0.002577319587628866
0 0.001152073732718894 0.001288659793814433 -0.002304147465437788 -0.002577319587628866
0 0.001152073732718894 0.001288659793814433 -0.002304147465437788 -0.002577319587628866
0 0.24193548387096775 0.2809278350515464 0.07834101382488479 0.20103092783505155
0 0.391705069124424 0.28350515463917525 0.07373271889400922 0.1958762886597938
0 0.3294930875576037 0.2847938144329897 0.07373271889400922 0.18814432989690721
0 0.44239631336405527 0.28865979381443296 0.06912442396313365 0.18041237113402062
0 0.1923963133640553 0.1056701030927835 0.03917050691244239 0.10309278350515463
0 0.2638248847926267 0.07860824742268041 0.04377880184331797 0.11082474226804123
