0 0.35703125 0.5 0.04300000000000002 0.13333333333333333
0 0.41796875 0.5020833333333333 0.038968750000000045 0.12083333333333333
0 0.4578125 0.5072916666666667 0.03560937500000003 0.11041666666666666
0 0.47734375 0.5291666666666667 0.026874999999999982 0.08333333333333333
0 0.50234375 0.5083333333333333 0.042999999999999976 0.13333333333333333
0 0.534375 0.5125 0.048374999999999974 0.15
0 0.5765625 0.5427083333333333 0.03560937500000003 0.11041666666666666
0 0.72578125 0.5177083333333333 0.05442187499999998 0.16875
0 0.80234375 0.5197916666666667 0.053078125000000045 0.16458333333333333
0 0.7448003887559809 0.5148714539007093 0.0548936170212766 0.17021276595744675
0 0.5669694477671451 0.5148714539007093 0.03568085106382979 0.11063829787234052
