0 0.001152073732718894 0.001288659793814433 -0.002304147465437788 -0.002577319587628866
0 0.4066820276497696 0.5579896907216495 0.1497695852534562 0.3427835051546392
0 0.6336405529953917 0.5721649484536082 0.14746543778801843 0.31958762886597936
0 0.001152073732718894 0.001288659793814433 -0.002304147465437788 -0.002577319587628866
0 0.001152073732718894 0.001288659793814433 -0.002304147465437788 -0.002577319587628866
0 0.001152073732718894 0.001288659793814433 -0.002304147465437788 -0.002577319587628866
0 0.2799539170506912 0.15206185567010308 0.052995391705069124 0.13402061855670103
0 0.33064516129032256 0.1481958762886598 0.04838709677419355 0.13144329896907217
0 0.001152073732718894 0.001288659793814433 -0.002304147465437788 -0.002577319587628866
0 0.001152073732718894 0.001288659793814433 -0.002304147465437788 -0.002577319587628866
0 0.001152073732718894 0.001288659793814433 -0.002304147465437788 -0.002577319587628866
0 0.24539170506912442 0.27319587628865977 0.07603686635944701 0.1958762886597938
0 0.38940092165898615 0.2744845360824742 0.07373271889400922 0.18814432989690721
0 0.3271889400921659 0.2770618556701031 0.06912442396313365 0.18298969072164947
0 0.44239631336405527 0.28737113402061853 0.06912442396313365 0.18298969072164947
0 0.19470046082949308 0.1095360824742268 0.03917050691244239 0.1056701030927835
0 0.2903225806451613 0.07474226804123711 0.041474654377880185 0.10309278350515463
