0 0.001152073732718894 0.001288659793814433 -0.002304147465437788 -0.002577319587628866
0 0.2672811059907834 0.2461340206185567 0.07834101382488479 0.2036082474226804
0 0.4435483870967742 0.25128865979381443 0.08064516129032258 0.20876288659793815
0 0.001152073732718894 0.001288659793814433 -0.002304147465437788 -0.002577319587628866
0 0.001152073732718894 0.001288659793814433 -0.002304147465437788 -0.002577319587628866
0 0.001152073732718894 0.001288659793814433 -0.002304147465437788 -0.002577319587628866
0 0.3317972350230415 0.2847938144329897 0.07834101382488479 0.2036082474226804
0 0.3974654377880184 0.28737113402061853 0.07603686635944701 0.2036082474226804
0 0.001152073732718894 0.001288659793814433 -0.002304147465437788 -0.002577319587628866
0 0.001152073732718894 0.001288659793814433 -0.002304147465437788 -0.002577319587628866
0 0.2119815668202765 0.30670103092783507 0.08755760368663594 0.23195876288659795
0 0.35368663594470046 0.6494845360824743 0.1313364055299539 0.17525773195876287
0 0.6232718894009217 0.6649484536082474 0.1359447004608295 0.13402061855670103
0 0.45506912442396313 0.6688144329896907 0.1497695852534562 0.12628865979381443
0 0.7269585253456221 0.6701030927835051 0.1313364055299539 0.13917525773195877
0 0.001152073732718894 0.001288659793814433 -0.002304147465437788 -0.002577319587628866
