0 0.001152073732718894 0.001288659793814433 -0.002304147465437788 -0.002577319587628866
0 0.2730414746543779 0.25 0.08064516129032258 0.20618556701030927
0 0.45276497695852536 0.2538659793814433 0.08064516129032258 0.21391752577319587
0 0.001152073732718894 0.001288659793814433 -0.002304147465437788 -0.002577319587628866
0 0.001152073732718894 0.001288659793814433 -0.002304147465437788 -0.002577319587628866
0 0.001152073732718894 0.001288659793814433 -0.002304147465437788 -0.002577319587628866
0 0.3294930875576037 0.27835051546391754 0.07373271889400922 0.1958762886597938
0 0.3859447004608295 0.2809278350515464 0.07603686635944701 0.20103092783505155
0 0.001152073732718894 0.001288659793814433 -0.002304147465437788 -0.002577319587628866
0 0.001152073732718894 0.001288659793814433 -0.002304147465437788 -0.002577319587628866
0 0.2108294930875576 0.297680412371134 0.08986175115207373 0.22938144329896906
0 0.33064516129032256 0.6275773195876289 0.14055299539170507 0.21391752577319587
0 0.5921658986175116 0.6481958762886598 0.1382488479262673 0.17268041237113402
0 0.4470046082949309 0.654639175257732 0.14285714285714285 0.17525773195876287
0 0.6854838709677419 0.6585051546391752 0.12211981566820276 0.15721649484536082
0 0.001152073732718894 0.001288659793814433 -0.002304147465437788 -0.002577319587628866
