0 0.20078125000000002 0.503125 0.07457812500000001 0.23124999999999998
0 0.25625000000000003 0.509375 0.06517187500000002 0.20208333333333334
0 0.3046875 0.5166666666666666 0.06315624999999998 0.19583333333333333
0 0.4391596889952153 0.5208333333333334 0.10078125 0.3125
0 0.521875 0.5375 0.09675000000000003 0.3
0 0.353125 0.5177083333333333 0.03560937499999999 0.11041666666666666
0 0.328125 0.5135416666666667 0.047703125000000006 0.14791666666666667
0 0.6738275019936203 0.537211879432624 0.04871808510638296 0.15106382978723404
0 0.7160922547846895 0.5372118794326242 0.0830265957446808 0.25744680851063817
0 0.7711161782296652 0.5404033687943263 0.0864574468085107 0.2680851063829787
0 0.1259806120414673 0.5308289007092198 0.03773936170212769 0.1170212765957448
0 0.0653745514354067 0.5276374113475177 0.03842553191489361 0.11914893617021273
