0 0.04609375 0.559375 0.0890625 0.41041666666666665
0 0.22968750000000002 0.5135416666666667 0.10625000000000001 0.32708333333333334
0 0.27265625 0.5 0.07968750000000001 0.24583333333333332
0 0.4140625 0.515625 0.05 0.15625
0 0.48359375000000004 0.553125 0.035937500000000004 0.11458333333333333
0 0.503125 0.5114583333333333 0.037500000000000006 0.11875
0 0.5476562500000001 0.5260416666666666 0.060937500000000006 0.18541666666666667
0 0.62421875 0.5291666666666667 0.0765625 0.23333333333333334
0 0.66796875 0.5177083333333333 0.0578125 0.17708333333333334
0 0.7453125 0.5260416666666666 0.053125000000000006 0.16875
0 0.8695312500000001 0.5322916666666666 0.0578125 0.18125
0 0.96015625 0.5291666666666667 0.0765625 0.23333333333333334
0 0.6960937500000001 0.5729166666666666 0.0484375 0.15416666666666667
0 0.4765625 0.5083333333333333 0.034375 0.10416666666666667
