0 0.001152073732718894 0.001288659793814433 -0.002304147465437788 -0.002577319587628866
0 0.29147465437788017 0.30412371134020616 0.08986175115207373 0.23195876288659795
0 0.46543778801843316 0.31572164948453607 0.09216589861751152 0.23969072164948454
0 0.001152073732718894 0.001288659793814433 -0.002304147465437788 -0.002577319587628866
0 0.001152073732718894 0.001288659793814433 -0.002304147465437788 -0.002577319587628866
0 0.001152073732718894 0.001288659793814433 -0.002304147465437788 -0.002577319587628866
0 0.3064516129032258 0.22809278350515463 0.06451612903225806 0.17268041237113402
0 0.3663594470046083 0.2345360824742268 0.06912442396313365 0.17525773195876287
0 0.001152073732718894 0.001288659793814433 -0.002304147465437788 -0.002577319587628866
0 0.001152073732718894 0.001288659793814433 -0.002304147465437788 -0.002577319587628866
0 0.001152073732718894 0.001288659793814433 -0.002304147465437788 -0.002577319587628866
0 0.3052995391705069 0.5463917525773195 0.12672811059907835 0.33505154639175255
0 0.5103686635944701 0.5515463917525774 0.1313364055299539 0.34536082474226804
0 0.39055299539170507 0.5567010309278351 0.12211981566820276 0.31958762886597936
0 0.5921658986175116 0.5618556701030928 0.11981566820276497 0.30927835051546393
0 0.22580645161290322 0.061855670103092786 0.03225806451612903 0.08247422680412371
