0 0.3765625 0.5020833333333333 0.04568750000000002 0.14166666666666666
0 0.42031250000000003 0.5125 0.049718750000000034 0.15416666666666667
0 0.46015625000000004 0.5020833333333333 0.030906249999999958 0.09583333333333333
0 0.4859375 0.506748670212766 0.0373033577127659 0.1156693262411346
0 0.5125000000000001 0.5072916666666667 0.034265625000000015 0.10625
0 0.6360022926634769 0.5082114361702128 0.05232762632978725 0.16225620567375904
0 0.7296875 0.5467863475177307 0.14272340425531915 0.4425531914893618
0 0.86875 0.5505208333333333 0.12866406250000004 0.39895833333333325
0 0.9553267045454543 0.49572251773049664 0.026074468085106342 0.08085106382978727
0 0.9688833233652314 0.4946586879432626 0.025388297872340537 0.07872340425531921
