0 0.1390625 0.5302083333333333 0.184375 0.56875
0 0.19765625 0.50625 0.08281250000000001 0.25416666666666665
0 0.2484375 0.484375 0.05 0.15625
0 0.29921875000000003 0.4927083333333333 0.035937500000000004 0.11458333333333333
0 0.33828125000000003 0.49374999999999997 0.0328125 0.10416666666666667
0 0.36250000000000004 0.49374999999999997 0.028125 0.09166666666666666
0 0.39375000000000004 0.49374999999999997 0.03125 0.09583333333333333
0 0.43984375000000003 0.49895833333333334 0.0421875 0.13125
0 0.47968750000000004 0.4947916666666667 0.034375 0.11041666666666666
0 0.50390625 0.5 0.045312500000000006 0.14166666666666666
0 0.58984375 0.5177083333333333 0.0578125 0.18125
0 0.9203125000000001 0.5427083333333333 0.15937500000000002 0.5104166666666666
