0 0.0 0.0 0.0 0.0
0 0.17191798744019138 0.1951041666666667 0.057310937500000006 0.17770833333333336
0 0.28125 0.18333333333333332 0.04971874999999999 0.15416666666666667
0 0.23359375000000002 0.5791666666666666 0.008062499999999995 0.025
0 0.16953125000000002 0.5822916666666667 0.006046875000000007 0.01875
0 0.0 0.0 0.0 0.0
0 0.23359375000000002 0.259375 0.057109374999999976 0.17708333333333334
0 0.29375 0.2625 0.05912500000000001 0.18333333333333332
0 0.0 0.0 0.0 0.0
0 0.0 0.0 0.0 0.0
0 0.1609375 0.29270833333333335 0.06517187499999999 0.20208333333333334
0 0.3296875 0.5895833333333333 0.0013437500000000214 0.004166666666666667
0 0.0 0.0 0.0 0.0
0 0.0 0.0 0.0 0.0
0 0.0 0.0 0.0 0.0
0 0.0 0.0 0.0 0.0
0 0.1421875 0.06458333333333333 0.029562500000000005 0.09166666666666666
