0 0.0546875 0.43645833333333334 0.037500000000000006 0.14375
0 0.013281250000000001 0.4354166666666667 0.0203125 0.15416666666666667
0 0.54296875 0.40625 0.060937500000000006 0.19583333333333333
0 0.8328125000000001 0.4083333333333333 0.0625 0.1375
0 0.20234375000000002 0.5072916666666667 0.18281250000000002 0.48541666666666666
0 0.26796875000000003 0.490625 0.1453125 0.45208333333333334
0 0.10703125000000001 0.425 0.0421875 0.15833333333333333
0 0.1609375 0.4270833333333333 0.043750000000000004 0.15416666666666667
0 0.75 0.4197916666666667 0.034375 0.12708333333333333
0 0.26796875000000003 0.4125 0.0546875 0.18333333333333332
0 0.31015625 0.4166666666666667 0.045312500000000006 0.1875
0 0.6898437500000001 0.409375 0.035937500000000004 0.11041666666666666
0 0.6507812500000001 0.40729166666666666 0.0421875 0.13541666666666666
