0 0.33671875 0.5322916666666666 0.061140625 0.18958333333333333
0 0.36875 0.553125 0.06517187500000002 0.20208333333333334
0 0.4265625 0.5354166666666667 0.04031250000000002 0.125
0 0.47734375 0.5375 0.038968749999999996 0.12083333333333333
0 0.51875 0.5458333333333333 0.06987500000000005 0.21666666666666667
0 0.5437500000000001 0.5354166666666667 0.053749999999999964 0.16666666666666666
0 0.5867187500000001 0.546875 0.05845312500000004 0.18125
0 0.6179687500000001 0.5375 0.04165625000000004 0.12916666666666665
0 0.640625 0.5770833333333333 0.04165625000000004 0.12916666666666665
0 0.9625 0.5458333333333333 0.07524999999999996 0.23333333333333334
0 0.8891385067783095 0.5382757092198583 0.07547872340425528 0.23404255319148934
