0 0.0 0.0 0.0 0.0
0 0.1765625 0.18854166666666666 0.05173437500000003 0.16041666666666665
0 0.29765625 0.19166666666666665 0.05240624999999999 0.1625
0 0.0 0.0 0.0 0.0
0 0.0 0.0 0.0 0.0
0 0.0 0.0 0.0 0.0
0 0.2265625 0.24375 0.05374999999999999 0.16666666666666666
0 0.27734375 0.25104166666666666 0.055765625 0.17291666666666666
0 0.0 0.0 0.0 0.0
0 0.0 0.0 0.0 0.0
0 0.1546875 0.26979166666666665 0.06382812500000001 0.19791666666666666
0 0.29375 0.5583333333333333 0.021499999999999988 0.06666666666666667
0 0.47500000000000003 0.5697916666666667 0.014109374999999959 0.04375
0 0.375 0.5822916666666667 0.006046875000000007 0.01875
0 0.5234375 0.5802083333333333 0.007390625000000029 0.022916666666666665
0 0.0 0.0 0.0 0.0
0 0.11953125 0.065625 0.030234375000000015 0.09375
