0 0.33671875 0.5354166666666667 0.0578125 0.175
0 0.353125 0.5291666666666667 0.05 0.15416666666666667
0 0.3875 0.5510416666666667 0.0625 0.19791666666666666
0 0.41718750000000004 0.5354166666666667 0.040625 0.125
0 0.4703125 0.540625 0.037500000000000006 0.11458333333333333
0 0.50234375 0.5458333333333333 0.0671875 0.20833333333333334
0 0.5398437500000001 0.5416666666666666 0.0484375 0.15416666666666667
0 0.5796875 0.546875 0.0625 0.18958333333333333
0 0.609375 0.540625 0.037500000000000006 0.11458333333333333
0 0.63203125 0.575 0.0421875 0.13333333333333333
0 0.9453125 0.5395833333333333 0.078125 0.2375
0 0.9695312500000001 0.5510416666666667 0.060937500000000006 0.24375
