0 0.001152073732718894 0.001288659793814433 -0.002304147465437788 -0.002577319587628866
0 0.2661290322580645 0.24097938144329897 0.07603686635944701 0.2036082474226804
0 0.43894009216589863 0.24484536082474226 0.08064516129032258 0.20618556701030927
0 0.001152073732718894 0.001288659793814433 -0.002304147465437788 -0.002577319587628866
0 0.001152073732718894 0.001288659793814433 -0.002304147465437788 -0.002577319587628866
0 0.001152073732718894 0.001288659793814433 -0.002304147465437788 -0.002577319587628866
0 0.34101382488479265 0.29510309278350516 0.07834101382488479 0.2036082474226804
0 0.39400921658986177 0.29381443298969073 0.08294930875576037 0.211340206185567
0 0.001152073732718894 0.001288659793814433 -0.002304147465437788 -0.002577319587628866
0 0.001152073732718894 0.001288659793814433 -0.002304147465437788 -0.002577319587628866
0 0.21428571428571427 0.31572164948453607 0.09216589861751152 0.2345360824742268
0 0.39976958525345624 0.6610824742268041 0.1313364055299539 0.14175257731958762
0 0.6566820276497696 0.6804123711340206 0.12442396313364056 0.10824742268041238
0 0.49539170506912444 0.6984536082474226 0.027649769585253454 0.06701030927835051
0 0.7269585253456221 0.6945876288659794 0.029953917050691243 0.07474226804123711
0 0.001152073732718894 0.001288659793814433 -0.002304147465437788 -0.002577319587628866
0 0.15552995391705068 0.07989690721649484 0.04377880184331797 0.1134020618556701
