0 0.2638248847926267 0.5940721649484536 0.12672811059907835 0.2603092783505155
0 0.23732718894009217 0.14432989690721648 0.05529953917050691 0.13917525773195877
0 0.3248847926267281 0.14690721649484537 0.05529953917050691 0.14432989690721648
0 0.3421658986175115 0.3711340206185567 0.08986175115207373 0.23195876288659795
0 0.2315668202764977 0.3646907216494845 0.08986175115207373 0.2345360824742268
0 0.3052995391705069 0.46005154639175255 0.12211981566820276 0.32216494845360827
0 0.3778801843317972 0.5837628865979382 0.12903225806451613 0.2860824742268041
0 0.5368663594470046 0.5850515463917526 0.14746543778801843 0.28865979381443296
0 0.001152073732718894 0.001288659793814433 -0.002304147465437788 -0.002577319587628866
0 0.001152073732718894 0.001288659793814433 -0.002304147465437788 -0.002577319587628866
0 0.001152073732718894 0.001288659793814433 -0.002304147465437788 -0.002577319587628866
0 0.001152073732718894 0.001288659793814433 -0.002304147465437788 -0.002577319587628866
0 0.001152073732718894 0.001288659793814433 -0.002304147465437788 -0.002577319587628866
0 0.001152073732718894 0.001288659793814433 -0.002304147465437788 -0.002577319587628866
0 0.001152073732718894 0.001288659793814433 -0.002304147465437788 -0.002577319587628866
0 0.001152073732718894 0.001288659793814433 -0.002304147465437788 -0.002577319587628866
0 0.21774193548387097 0.059278350515463915 0.04377880184331797 0.1134020618556701
