0 0.0 0.0 0.0 0.0
0 0.18281250000000002 0.19375 0.052406250000000015 0.1625
0 0.30078125 0.19791666666666666 0.05240624999999999 0.1625
0 0.0 0.0 0.0 0.0
0 0.0 0.0 0.0 0.0
0 0.0 0.0 0.0 0.0
0 0.2321508672248804 0.24074246453900702 0.055606948138297876 0.17242464539007094
0 0.26953125 0.240625 0.053078125000000004 0.16458333333333333
0 0.0 0.0 0.0 0.0
0 0.0 0.0 0.0 0.0
0 0.14765625000000002 0.2625 0.06315625000000001 0.19583333333333333
0 0.0 0.0 0.0 0.0
0 0.10738324860446571 0.065625 0.030234374999999994 0.09375
