0 0.2109375 0.4041666666666667 0.166625 0.5166666666666666
0 0.43671875000000004 0.5760416666666667 0.156546875 0.48541666666666666
0 0.61328125 0.5260416666666666 0.207609375 0.64375
0 0.83515625 0.39166666666666666 0.12496875000000003 0.3875
0 0.7312500000000001 0.33125 0.07525000000000004 0.23333333333333334
0 0.9495427133173844 0.5513076241134752 0.18476562500000002 0.5729166666666666
0 0.5462357954545455 0.33082890070922016 0.07685106382978724 0.23829787234042546
0 0.4856297348484848 0.3372118794326243 0.07547872340425528 0.23404255319148934
0 0.6722326056618819 0.2925310283687946 0.052148936170212684 0.1617021276595743
0 0.7838753488835727 0.26274379432624134 0.038425531914893535 0.11914893617021273
0 0.5270970394736841 0.34146719858156055 0.08096808510638294 0.251063829787234
