0 0.001152073732718894 0.001288659793814433 -0.002304147465437788 -0.002577319587628866
0 0.24078341013824886 0.1791237113402062 0.06221198156682028 0.16237113402061856
0 0.3421658986175115 0.18170103092783504 0.06221198156682028 0.16752577319587628
0 0.3836405529953917 0.5399484536082474 0.11290322580645161 0.2963917525773196
0 0.24539170506912442 0.5489690721649484 0.12672811059907835 0.32989690721649484
0 0.2315668202764977 0.3711340206185567 0.10368663594470046 0.26804123711340205
0 0.45161290322580644 0.431701030927835 0.10599078341013825 0.2757731958762887
0 0.5345622119815668 0.4329896907216495 0.10138248847926268 0.26288659793814434
0 0.5449308755760368 0.6907216494845361 0.12211981566820276 0.08762886597938144
0 0.5368663594470046 0.5579896907216495 0.1336405529953917 0.2963917525773196
0 0.001152073732718894 0.001288659793814433 -0.002304147465437788 -0.002577319587628866
0 0.001152073732718894 0.001288659793814433 -0.002304147465437788 -0.002577319587628866
0 0.001152073732718894 0.001288659793814433 -0.002304147465437788 -0.002577319587628866
0 0.001152073732718894 0.001288659793814433 -0.002304147465437788 -0.002577319587628866
0 0.001152073732718894 0.001288659793814433 -0.002304147465437788 -0.002577319587628866
0 0.29493087557603687 0.07345360824742268 0.03686635944700461 0.10051546391752578
