0 0.20078125000000002 0.6145833333333334 0.0484375 0.15
0 0.1453125 0.6197916666666666 0.05 0.15625
0 0.11328125 0.6177083333333333 0.051562500000000004 0.15625
0 0.08046875 0.6052083333333333 0.051562500000000004 0.16041666666666665
0 0.184375 0.609375 0.053125000000000006 0.16458333333333333
0 0.8250000000000001 0.575 0.028125 0.08333333333333333
0 0.72421875 0.5739583333333333 0.0234375 0.06875
0 0.68359375 0.5708333333333333 0.0234375 0.075
0 0.66796875 0.5770833333333333 0.0234375 0.07083333333333333
0 0.0234375 0.596875 0.03125 0.09791666666666667
0 0.1640625 0.6135416666666667 0.046875 0.14791666666666667
