0 0.23963133640552994 0.16494845360824742 0.059907834101382486 0.15463917525773196
0 0.3225806451612903 0.16752577319587628 0.059907834101382486 0.15979381443298968
0 0.36981566820276496 0.4471649484536082 0.09907834101382489 0.2551546391752577
0 0.29493087557603687 0.4587628865979381 0.11059907834101382 0.28350515463917525
0 0.20622119815668202 0.4252577319587629 0.12211981566820276 0.31443298969072164
0 0.4112903225806452 0.5038659793814433 0.1175115207373272 0.30670103092783507
0 0.5357142857142857 0.5025773195876289 0.12211981566820276 0.31443298969072164
0 0.3387096774193548 0.6365979381443299 0.14285714285714285 0.1958762886597938
0 0.20852534562211983 0.654639175257732 0.14516129032258066 0.16494845360824742
0 0.511520737327189 0.6301546391752577 0.15207373271889402 0.2036082474226804
0 0.001152073732718894 0.001288659793814433 -0.002304147465437788 -0.002577319587628866
0 0.001152073732718894 0.001288659793814433 -0.002304147465437788 -0.002577319587628866
0 0.001152073732718894 0.001288659793814433 -0.002304147465437788 -0.002577319587628866
0 0.001152073732718894 0.001288659793814433 -0.002304147465437788 -0.002577319587628866
0 0.001152073732718894 0.001288659793814433 -0.002304147465437788 -0.002577319587628866
0 0.2926267281105991 0.06701030927835051 0.041474654377880185 0.10824742268041238
