0 0.2626728110599078 0.6056701030927835 0.14285714285714285 0.24742268041237114
0 0.2315668202764977 0.14304123711340205 0.0576036866359447 0.14690721649484537
0 0.3248847926267281 0.14690721649484537 0.05529953917050691 0.14432989690721648
0 0.3421658986175115 0.37371134020618557 0.08986175115207373 0.2268041237113402
0 0.23387096774193547 0.3698453608247423 0.08986175115207373 0.22938144329896906
0 0.2880184331797235 0.4471649484536082 0.1152073732718894 0.2963917525773196
0 0.37442396313364057 0.5798969072164948 0.14055299539170507 0.30412371134020616
0 0.5380184331797235 0.5798969072164948 0.1497695852534562 0.29381443298969073
0 0.001152073732718894 0.001288659793814433 -0.002304147465437788 -0.002577319587628866
0 0.001152073732718894 0.001288659793814433 -0.002304147465437788 -0.002577319587628866
0 0.001152073732718894 0.001288659793814433 -0.002304147465437788 -0.002577319587628866
0 0.001152073732718894 0.001288659793814433 -0.002304147465437788 -0.002577319587628866
0 0.001152073732718894 0.001288659793814433 -0.002304147465437788 -0.002577319587628866
0 0.001152073732718894 0.001288659793814433 -0.002304147465437788 -0.002577319587628866
0 0.001152073732718894 0.001288659793814433 -0.002304147465437788 -0.002577319587628866
0 0.001152073732718894 0.001288659793814433 -0.002304147465437788 -0.002577319587628866
0 0.21889400921658986 0.05025773195876289 0.03686635944700461 0.09536082474226804
