0 0.05625 0.5291666666666667 0.109375 0.4458333333333333
0 0.2265625 0.5197916666666667 0.034375 0.11041666666666666
0 0.26796875000000003 0.5197916666666667 0.0328125 0.10208333333333333
0 0.3015625 0.509375 0.034375 0.10625
0 0.3765625 0.5552083333333333 0.15937500000000002 0.4979166666666667
0 0.47500000000000003 0.534375 0.078125 0.23958333333333334
0 0.5265625 0.5239583333333333 0.15937500000000002 0.4895833333333333
0 0.83125 0.5197916666666667 0.059375000000000004 0.18125
0 0.87890625 0.5135416666666667 0.060937500000000006 0.18541666666666667
0 0.178125 0.5104166666666666 0.028125 0.0875
