0 0.062337472291990874 0.4386074442609169 0.05861730655237632 0.21433184883252826
0 0.10425707607577406 0.427533612916785 0.06656459232470154 0.24135787421852797
0 0.9026469309349061 0.4353244403890784 0.08808921860512271 0.3198070222956332
0 0.9588220873933239 0.4288589620630861 0.07322492421164527 0.3279402884342142
0 0.7906427323905668 0.4113307187541276 0.10561377744032399 0.2956190789236697
0 0.1183046946005554 0.43446222594969797 0.03899980380480013 0.1616024781451971
0 0.0671062002699631 0.4317393080420573 0.03934640522875815 0.16157525812257287
0 0.7089638835606705 0.40791650449430966 0.07131159420289893 0.21790393095644067
0 0.6771662768557003 0.4125298972245904 0.039495685993298404 0.14331723027375207
0 0.6666006208067518 0.5257754776833924 0.16216090672612415 0.5314009661835748
0 0.8338050445699186 0.5232173072510217 0.1360632288021164 0.47744987271800593
0 0.20516151752362344 0.4236080844886993 0.045545163633427956 0.16330371075694028
0 0.25608541877010066 0.42758610295664695 0.04171740616765325 0.1579429434802488
0 0.7691684459109731 0.41645058442308075 0.04051860689928155 0.142459611788556
0 0.35447057809450344 0.41733158006984444 0.061687816732973216 0.20293525622809505
0 0.399799380256929 0.41724579594700417 0.04523134790600976 0.19215735390171365
