0 0.24539170506912442 0.17010309278350516 0.06221198156682028 0.15979381443298968
0 0.3283410138248848 0.1713917525773196 0.06221198156682028 0.16237113402061856
0 0.3652073732718894 0.4780927835051546 0.10368663594470046 0.2706185567010309
0 0.26497695852534564 0.47164948453608246 0.11059907834101382 0.28865979381443296
0 0.20967741935483872 0.4175257731958763 0.1152073732718894 0.30412371134020616
0 0.45276497695852536 0.4768041237113402 0.11290322580645161 0.29381443298969073
0 0.5357142857142857 0.4832474226804124 0.1175115207373272 0.3015463917525773
0 0.4377880184331797 0.6417525773195876 0.1336405529953917 0.18041237113402062
0 0.25921658986175117 0.6649484536082474 0.14055299539170507 0.12886597938144329
0 0.5783410138248848 0.6211340206185567 0.1382488479262673 0.22164948453608246
0 0.001152073732718894 0.001288659793814433 -0.002304147465437788 -0.002577319587628866
0 0.001152073732718894 0.001288659793814433 -0.002304147465437788 -0.002577319587628866
0 0.001152073732718894 0.001288659793814433 -0.002304147465437788 -0.002577319587628866
0 0.001152073732718894 0.001288659793814433 -0.002304147465437788 -0.002577319587628866
0 0.001152073732718894 0.001288659793814433 -0.002304147465437788 -0.002577319587628866
0 0.30069124423963134 0.06701030927835051 0.04377880184331797 0.1134020618556701
