0 0.001152073732718894 0.001288659793814433 -0.002304147465437788 -0.002577319587628866
0 0.3271889400921659 0.38273195876288657 0.10599078341013825 0.2757731958762887
0 0.5241935483870968 0.3865979381443299 0.10829493087557604 0.28350515463917525
0 0.001152073732718894 0.001288659793814433 -0.002304147465437788 -0.002577319587628866
0 0.001152073732718894 0.001288659793814433 -0.002304147465437788 -0.002577319587628866
0 0.001152073732718894 0.001288659793814433 -0.002304147465437788 -0.002577319587628866
0 0.2465437788018433 0.19716494845360824 0.059907834101382486 0.15721649484536082
0 0.3387096774193548 0.19845360824742267 0.059907834101382486 0.15463917525773196
0 0.001152073732718894 0.001288659793814433 -0.002304147465437788 -0.002577319587628866
0 0.001152073732718894 0.001288659793814433 -0.002304147465437788 -0.002577319587628866
0 0.001152073732718894 0.001288659793814433 -0.002304147465437788 -0.002577319587628866
0 0.26497695852534564 0.41237113402061853 0.10138248847926268 0.26288659793814434
0 0.5967741935483871 0.4162371134020618 0.10599078341013825 0.2757731958762887
0 0.3986175115207373 0.42396907216494845 0.0967741935483871 0.2551546391752577
0 0.6716589861751152 0.41881443298969073 0.08986175115207373 0.2345360824742268
0 0.21658986175115208 0.07860824742268041 0.03686635944700461 0.09020618556701031
