0 0.0 0.0 0.0 0.0
0 0.19921875000000003 0.24583333333333332 0.06046875000000003 0.1875
0 0.31562500000000004 0.2520833333333333 0.06315624999999998 0.19583333333333333
0 0.0 0.0 0.0 0.0
0 0.0 0.0 0.0 0.0
0 0.0 0.0 0.0 0.0
0 0.21250000000000002 0.18854166666666666 0.04635937500000001 0.14375
0 0.24921875000000002 0.190625 0.045015625000000004 0.13958333333333334
0 0.0 0.0 0.0 0.0
0 0.0 0.0 0.0 0.0
0 0.0 0.0 0.0 0.0
0 0.2078125 0.44166666666666665 0.08734375 0.2708333333333333
0 0.35000000000000003 0.4458333333333333 0.09003125000000001 0.2791666666666667
0 0.2671875 0.453125 0.08532812500000003 0.26458333333333334
0 0.40625 0.45625 0.08196875000000002 0.25416666666666665
0 0.15546875000000002 0.05 0.02150000000000001 0.06666666666666667
