0 0.2960829493087558 0.5154639175257731 0.1175115207373272 0.30927835051546393
0 0.2488479262672811 0.12757731958762886 0.05069124423963134 0.13659793814432988
0 0.315668202764977 0.13015463917525774 0.05069124423963134 0.13659793814432988
0 0.3191244239631336 0.30670103092783507 0.07142857142857142 0.19072164948453607
0 0.22580645161290322 0.3079896907216495 0.07834101382488479 0.20876288659793815
0 0.5622119815668203 0.6469072164948454 0.14746543778801843 0.16494845360824742
0 0.37672811059907835 0.6391752577319587 0.14516129032258066 0.18041237113402062
0 0.5622119815668203 0.5064432989690721 0.14285714285714285 0.2912371134020619
0 0.001152073732718894 0.001288659793814433 -0.002304147465437788 -0.002577319587628866
0 0.001152073732718894 0.001288659793814433 -0.002304147465437788 -0.002577319587628866
0 0.001152073732718894 0.001288659793814433 -0.002304147465437788 -0.002577319587628866
0 0.001152073732718894 0.001288659793814433 -0.002304147465437788 -0.002577319587628866
0 0.001152073732718894 0.001288659793814433 -0.002304147465437788 -0.002577319587628866
0 0.001152073732718894 0.001288659793814433 -0.002304147465437788 -0.002577319587628866
0 0.001152073732718894 0.001288659793814433 -0.002304147465437788 -0.002577319587628866
0 0.001152073732718894 0.001288659793814433 -0.002304147465437788 -0.002577319587628866
0 0.20852534562211983 0.05412371134020619 0.03917050691244239 0.10309278350515463
