0 0.001152073732718894 0.001288659793814433 -0.002304147465437788 -0.002577319587628866
0 0.24539170506912442 0.17783505154639176 0.06221198156682028 0.15979381443298968
0 0.33755760368663595 0.17783505154639176 0.06221198156682028 0.16494845360824742
0 0.36981566820276496 0.5193298969072165 0.10829493087557604 0.2809278350515464
0 0.24539170506912442 0.5244845360824743 0.12211981566820276 0.32216494845360827
0 0.23617511520737328 0.375 0.09907834101382489 0.2551546391752577
0 0.45276497695852536 0.45618556701030927 0.11290322580645161 0.28865979381443296
0 0.5449308755760368 0.44072164948453607 0.10368663594470046 0.26288659793814434
0 0.533410138248848 0.6739690721649484 0.12672811059907835 0.11082474226804123
0 0.5633640552995391 0.5850515463917526 0.1497695852534562 0.27319587628865977
0 0.001152073732718894 0.001288659793814433 -0.002304147465437788 -0.002577319587628866
0 0.001152073732718894 0.001288659793814433 -0.002304147465437788 -0.002577319587628866
0 0.001152073732718894 0.001288659793814433 -0.002304147465437788 -0.002577319587628866
0 0.001152073732718894 0.001288659793814433 -0.002304147465437788 -0.002577319587628866
0 0.001152073732718894 0.001288659793814433 -0.002304147465437788 -0.002577319587628866
0 0.30184331797235026 0.07474226804123711 0.041474654377880185 0.10309278350515463
