0 0.7664062500000001 0.5447916666666667 0.060937500000000006 0.18541666666666667
0 0.7914062500000001 0.5458333333333333 0.0671875 0.20833333333333334
0 0.96875 0.5270833333333333 0.046875 0.15
0 0.07421875 0.5864583333333333 0.1453125 0.81875
0 0.92578125 0.528125 0.0328125 0.10625
0 0.89765625 0.5239583333333333 0.0390625 0.11875
0 0.44140625 0.5114583333333333 0.0328125 0.10208333333333333
0 0.26406250000000003 0.5041666666666667 0.03125 0.09583333333333333
0 0.42500000000000004 0.5260416666666666 0.025 0.07708333333333334
0 0.203125 0.5010416666666666 0.028125 0.08541666666666667
0 0.18125000000000002 0.49895833333333334 0.025 0.07708333333333334
0 0.5203125000000001 0.50625 0.018750000000000003 0.058333333333333334
0 0.16171875000000002 0.49374999999999997 0.0203125 0.06666666666666667
0 0.24765625000000002 0.5 0.029687500000000002 0.09166666666666666
0 0.59140625 0.5072916666666667 0.026562500000000003 0.08125
0 0.57265625 0.5104166666666666 0.026562500000000003 0.07916666666666666
0 0.146875 0.49374999999999997 0.018750000000000003 0.058333333333333334
0 0.30546875 0.5 0.0234375 0.07083333333333333
0 0.39296875000000003 0.5083333333333333 0.0234375 0.07083333333333333
