0 0.28203125 0.525 0.0546875 0.17083333333333334
0 0.3125 0.5427083333333333 0.034375 0.11041666666666666
0 0.34296875000000004 0.5197916666666667 0.0546875 0.17291666666666666
0 0.39921875 0.515625 0.0703125 0.21458333333333332
0 0.5078125 0.525 0.096875 0.29583333333333334
0 0.7820312500000001 0.54375 0.1953125 0.6083333333333333
0 0.9328125 0.528125 0.13125 0.41041666666666665
0 0.9546875 0.5010416666666666 0.09062500000000001 0.40625
0 0.6125 0.5114583333333333 0.03125 0.09791666666666667
0 0.23671875 0.509375 0.0234375 0.07708333333333334
0 0.25 0.50625 0.025 0.07916666666666666
0 0.21250000000000002 0.5125 0.025 0.07916666666666666
0 0.59296875 0.49583333333333335 0.0234375 0.075
