0 0.001152073732718894 0.001288659793814433 -0.002304147465437788 -0.002577319587628866
0 0.24193548387096775 0.20231958762886598 0.06912442396313365 0.17783505154639176
0 0.3778801843317972 0.20103092783505155 0.06912442396313365 0.18041237113402062
0 0.41935483870967744 0.625 0.15207373271889402 0.20876288659793815
0 0.30069124423963134 0.6198453608247423 0.1497695852534562 0.20876288659793815
0 0.001152073732718894 0.001288659793814433 -0.002304147465437788 -0.002577319587628866
0 0.3790322580645161 0.37242268041237114 0.0944700460829493 0.25
0 0.46774193548387094 0.3685567010309278 0.09216589861751152 0.23711340206185566
0 0.001152073732718894 0.001288659793814433 -0.002304147465437788 -0.002577319587628866
0 0.001152073732718894 0.001288659793814433 -0.002304147465437788 -0.002577319587628866
0 0.3640552995391705 0.45103092783505155 0.11981566820276497 0.30927835051546393
0 0.001152073732718894 0.001288659793814433 -0.002304147465437788 -0.002577319587628866
0 0.001152073732718894 0.001288659793814433 -0.002304147465437788 -0.002577319587628866
0 0.001152073732718894 0.001288659793814433 -0.002304147465437788 -0.002577319587628866
0 0.001152073732718894 0.001288659793814433 -0.002304147465437788 -0.002577319587628866
0 0.001152073732718894 0.001288659793814433 -0.002304147465437788 -0.002577319587628866
0 0.2868663594470046 0.07731958762886598 0.04377880184331797 0.10824742268041238
