0 0.846875 0.603125 0.034375 0.11041666666666666
0 0.4609375 0.603125 0.040625 0.13125
0 0.52578125 0.6072916666666667 0.0421875 0.12708333333333333
0 0.940625 0.5989583333333334 0.034375 0.11041666666666666
0 0.97421875 0.5854166666666667 0.0390625 0.125
0 0.25390625 0.6145833333333334 0.051562500000000004 0.1625
0 0.284375 0.6104166666666666 0.040625 0.125
0 0.34375 0.5979166666666667 0.043750000000000004 0.13333333333333333
0 0.9281250000000001 0.596875 0.034375 0.10625
0 0.32734375000000004 0.5927083333333333 0.0390625 0.11875
0 0.29375 0.6 0.040625 0.125
