0 0.0 0.0 0.0 0.0
0 0.20859375000000002 0.2541866134751773 0.059137865691489336 0.1833732269503546
0 0.32421875 0.2520833333333333 0.057781249999999985 0.17916666666666667
0 0.0 0.0 0.0 0.0
0 0.0 0.0 0.0 0.0
0 0.0 0.0 0.0 0.0
0 0.19217192484051038 0.17931072695035463 0.043092918882978726 0.13362145390070926
0 0.23828125 0.18125 0.044343749999999994 0.1375
0 0.0 0.0 0.0 0.0
0 0.0 0.0 0.0 0.0
0 0.0 0.0 0.0 0.0
0 0.2078125 0.41005319148936165 0.08196874999999999 0.25416666666666665
0 0.33359375 0.41562499999999997 0.08532812500000003 0.26458333333333334
0 0.2578125 0.42291666666666666 0.07928125000000003 0.24583333333333332
0 0.39609375 0.42916666666666664 0.07793749999999999 0.24166666666666667
0 0.15078125 0.052083333333333336 0.02284375000000001 0.07083333333333333
