0 0.0 0.0 0.0 0.0
0 0.0 0.0 0.0 0.0
0 0.0 0.0 0.0 0.0
0 0.0 0.0 0.0 0.0
0 0.0 0.0 0.0 0.0
0 0.0 0.0 0.0 0.0
0 0.1390625 0.07916666666666666 0.026875000000000007 0.08333333333333333
0 0.20078125000000002 0.08229166666666667 0.028890625000000017 0.08958333333333333
0 0.0 0.0 0.0 0.0
0 0.0 0.0 0.0 0.0
0 0.0 0.0 0.0 0.0
0 0.0 0.0 0.0 0.0
0 0.0 0.0 0.0 0.0
0 0.0 0.0 0.0 0.0
0 0.0 0.0 0.0 0.0
0 0.1484375 0.16458333333333333 0.043 0.13333333333333333
0 0.24278807814992032 0.05 0.02015625000000001 0.0625
0 0.0 0.0 0.0 0.0
0 0.0 0.0 0.0 0.0
0 0.25703125 0.3989583333333333 0.09070312499999998 0.28125
