0 0.2626728110599078 0.6005154639175257 0.12903225806451613 0.25257731958762886
0 0.23271889400921658 0.14561855670103094 0.05529953917050691 0.14175257731958762
0 0.3248847926267281 0.14690721649484537 0.05529953917050691 0.14432989690721648
0 0.3456221198156682 0.37371134020618557 0.08755760368663594 0.2268041237113402
0 0.22926267281105991 0.3646907216494845 0.08986175115207373 0.2345360824742268
0 0.2960829493087558 0.45489690721649484 0.12211981566820276 0.3118556701030928
0 0.3836405529953917 0.586340206185567 0.15898617511520738 0.2860824742268041
0 0.5460829493087558 0.5824742268041238 0.1382488479262673 0.28350515463917525
0 0.001152073732718894 0.001288659793814433 -0.002304147465437788 -0.002577319587628866
0 0.001152073732718894 0.001288659793814433 -0.002304147465437788 -0.002577319587628866
0 0.001152073732718894 0.001288659793814433 -0.002304147465437788 -0.002577319587628866
0 0.001152073732718894 0.001288659793814433 -0.002304147465437788 -0.002577319587628866
0 0.001152073732718894 0.001288659793814433 -0.002304147465437788 -0.002577319587628866
0 0.001152073732718894 0.001288659793814433 -0.002304147465437788 -0.002577319587628866
0 0.001152073732718894 0.001288659793814433 -0.002304147465437788 -0.002577319587628866
0 0.001152073732718894 0.001288659793814433 -0.002304147465437788 -0.002577319587628866
0 0.21774193548387097 0.05670103092783505 0.04377880184331797 0.10824742268041238
