0 0.001152073732718894 0.001288659793814433 -0.002304147465437788 -0.002577319587628866
0 0.2730414746543779 0.26417525773195877 0.08064516129032258 0.21391752577319587
0 0.4619815668202765 0.2693298969072165 0.08525345622119816 0.2190721649484536
0 0.001152073732718894 0.001288659793814433 -0.002304147465437788 -0.002577319587628866
0 0.001152073732718894 0.001288659793814433 -0.002304147465437788 -0.002577319587628866
0 0.001152073732718894 0.001288659793814433 -0.002304147465437788 -0.002577319587628866
0 0.33064516129032256 0.2654639175257732 0.07142857142857142 0.19072164948453607
0 0.3824884792626728 0.2693298969072165 0.07373271889400922 0.19329896907216496
0 0.001152073732718894 0.001288659793814433 -0.002304147465437788 -0.002577319587628866
0 0.001152073732718894 0.001288659793814433 -0.002304147465437788 -0.002577319587628866
0 0.20161290322580644 0.27835051546391754 0.08064516129032258 0.211340206185567
0 0.3513824884792627 0.6108247422680412 0.1359447004608295 0.2422680412371134
0 0.5679723502304147 0.6211340206185567 0.1543778801843318 0.21649484536082475
0 0.4228110599078341 0.6301546391752577 0.1543778801843318 0.2036082474226804
0 0.6728110599078341 0.634020618556701 0.1336405529953917 0.1958762886597938
0 0.001152073732718894 0.001288659793814433 -0.002304147465437788 -0.002577319587628866
