0 0.0 0.0 0.0 0.0
0 0.23515625 0.365625 0.08264062499999998 0.25625
0 0.36328125 0.3729166666666667 0.08465624999999997 0.2625
0 0.0 0.0 0.0 0.0
0 0.0 0.0 0.0 0.0
0 0.0 0.0 0.0 0.0
0 0.1875 0.13958333333333334 0.034937500000000024 0.10833333333333334
0 0.22812500000000002 0.14375 0.03762500000000002 0.11666666666666667
0 0.0 0.0 0.0 0.0
0 0.0 0.0 0.0 0.0
0 0.0 0.0 0.0 0.0
0 0.1859375 0.2791666666666667 0.05912499999999998 0.18333333333333332
0 0.31640625 0.28020833333333334 0.062484375000000016 0.19375
0 0.2671875 0.2833333333333333 0.05643750000000001 0.175
0 0.375 0.2895833333333333 0.06046875000000003 0.1875
0 0.14140625 0.07395833333333333 0.024859374999999996 0.07708333333333334
0 0.11033692185007976 0.065625 0.030234374999999994 0.09375
