0 0.2891705069124424 0.5219072164948454 0.12211981566820276 0.32216494845360827
0 0.2488479262672811 0.12628865979381443 0.05069124423963134 0.13402061855670103
0 0.315668202764977 0.13015463917525774 0.05069124423963134 0.13659793814432988
0 0.31797235023041476 0.30670103092783507 0.07373271889400922 0.19072164948453607
0 0.2269585253456221 0.3002577319587629 0.08064516129032258 0.20876288659793815
0 0.5783410138248848 0.5489690721649484 0.14746543778801843 0.3711340206185567
0 0.3824884792626728 0.6507731958762887 0.1382488479262673 0.16752577319587628
0 0.5529953917050692 0.6443298969072165 0.1382488479262673 0.17010309278350516
0 0.001152073732718894 0.001288659793814433 -0.002304147465437788 -0.002577319587628866
0 0.001152073732718894 0.001288659793814433 -0.002304147465437788 -0.002577319587628866
0 0.001152073732718894 0.001288659793814433 -0.002304147465437788 -0.002577319587628866
0 0.001152073732718894 0.001288659793814433 -0.002304147465437788 -0.002577319587628866
0 0.001152073732718894 0.001288659793814433 -0.002304147465437788 -0.002577319587628866
0 0.001152073732718894 0.001288659793814433 -0.002304147465437788 -0.002577319587628866
0 0.001152073732718894 0.001288659793814433 -0.002304147465437788 -0.002577319587628866
0 0.001152073732718894 0.001288659793814433 -0.002304147465437788 -0.002577319587628866
0 0.20391705069124424 0.05283505154639175 0.03917050691244239 0.10051546391752578
