0 0.0 0.0 0.0 0.0
0 0.1796875 0.19166666666666665 0.05106250000000001 0.15833333333333333
0 0.30078125 0.19166666666666665 0.05240624999999999 0.1625
0 0.0 0.0 0.0 0.0
0 0.0 0.0 0.0 0.0
0 0.0 0.0 0.0 0.0
0 0.23479490629984046 0.24608377659574465 0.05659903590425528 0.17550088652482262
0 0.27265625 0.24375 0.05509374999999999 0.17083333333333334
0 0.0 0.0 0.0 0.0
0 0.0 0.0 0.0 0.0
0 0.15156250000000002 0.2625 0.06315625000000001 0.19583333333333333
0 0.2765625 0.5510416666666667 0.026203125000000018 0.08125
0 0.46875 0.5625 0.018812500000000034 0.058333333333333334
0 0.34296875000000004 0.571875 0.012765624999999982 0.03958333333333333
0 0.5109375 0.5677083333333334 0.015453124999999979 0.04791666666666666
0 0.0 0.0 0.0 0.0
0 0.11063721092503989 0.065625 0.030234375000000015 0.09375
