0 0.09531250000000001 0.5302083333333333 0.05442187499999999 0.16875
0 0.33674877267743225 0.528125 0.053078125000000004 0.16458333333333333
0 0.36171875000000003 0.5291666666666667 0.057781249999999985 0.17916666666666667
0 0.3922846889952154 0.5349844858156028 0.04590907579787232 0.1423537234042553
0 0.4162253538676236 0.5354166666666667 0.05106249999999997 0.15833333333333333
0 0.4578125 0.5416666666666666 0.048374999999999974 0.15
0 0.6946284389952153 0.54375 0.04703125000000004 0.14583333333333334
0 0.8640625000000001 0.5604166666666667 0.03628125000000004 0.1125
0 0.54453125 0.5353390957446807 0.02692503324468092 0.08348847517730504
0 0.6180659389952153 0.5395057624113474 0.029612533244680873 0.09182180851063843
0 0.8947206439393938 0.5404033687943262 0.0274468085106383 0.08510638297872361
0 0.9146568480861245 0.5478501773049645 0.02813297872340428 0.08723404255319162
0 0.11481633771929825 0.5159352836879432 0.03362234042553194 0.10425531914893622
