0 0.0 0.0 0.0 0.0
0 0.225 0.32916666666666666 0.07524999999999998 0.23333333333333334
0 0.35234375 0.33229166666666665 0.07726562499999999 0.23958333333333334
0 0.0 0.0 0.0 0.0
0 0.0 0.0 0.0 0.0
0 0.0 0.0 0.0 0.0
0 0.17500000000000002 0.153125 0.03964062500000001 0.12291666666666666
0 0.22968750000000002 0.15416666666666667 0.038968749999999996 0.12083333333333333
0 0.0 0.0 0.0 0.0
0 0.0 0.0 0.0 0.0
0 0.0 0.0 0.0 0.0
0 0.16953125000000002 0.3125 0.06584374999999998 0.20416666666666666
0 0.3921875 0.3177083333333333 0.06785937499999997 0.21041666666666667
0 0.2921875 0.315625 0.062484375000000016 0.19375
0 0.43125 0.31666666666666665 0.06046874999999999 0.1875
0 0.1453125 0.06770833333333333 0.023515625 0.07291666666666667
