0 0.17734375000000002 0.421875 0.0421875 0.16458333333333333
0 0.11484375000000001 0.553125 0.2265625 0.7729166666666667
0 0.19921875 0.421875 0.045312500000000006 0.17291666666666666
0 0.2703125 0.42083333333333334 0.05625 0.1875
0 0.6898437500000001 0.4083333333333333 0.0484375 0.15
0 0.1546875 0.421875 0.03125 0.08125
0 0.1046875 0.428125 0.046875 0.16875
0 0.4234375 0.4552083333333333 0.16875 0.5270833333333333
0 0.43593750000000003 0.503125 0.15625 0.5104166666666666
0 0.8671875 0.42916666666666664 0.07500000000000001 0.2916666666666667
0 0.7640625000000001 0.4322916666666667 0.06875 0.30625
0 0.065625 0.44479166666666664 0.037500000000000006 0.12708333333333333
0 0.6101562500000001 0.4166666666666667 0.0421875 0.11666666666666667
0 0.53359375 0.41875 0.035937500000000004 0.12916666666666665
0 0.47500000000000003 0.40520833333333334 0.046875 0.15625
0 0.33437500000000003 0.484375 0.10625000000000001 0.4145833333333333
