0 0.6171875 0.5989583333333334 0.259375 0.8020833333333334
0 0.26328125 0.4197916666666667 0.051562500000000004 0.18541666666666667
0 0.29921875000000003 0.41875 0.0546875 0.19166666666666665
0 0.39921875 0.41354166666666664 0.0546875 0.22291666666666665
0 0.13593750000000002 0.43124999999999997 0.03125 0.10416666666666667
0 0.2015625 0.421875 0.046875 0.17708333333333334
0 0.5945312500000001 0.4239583333333333 0.08281250000000001 0.2520833333333333
0 0.540625 0.4197916666666667 0.084375 0.27708333333333335
0 0.16328125000000002 0.4354166666666667 0.0390625 0.13333333333333333
0 0.69140625 0.49166666666666664 0.1015625 0.42916666666666664
0 0.70703125 0.4864583333333333 0.0921875 0.44375
0 0.80078125 0.41562499999999997 0.0765625 0.26458333333333334
0 0.8734375000000001 0.41354166666666664 0.06875 0.2520833333333333
0 0.9609375 0.41041666666666665 0.05 0.21666666666666667
0 0.06875 0.434375 0.053125000000000006 0.11458333333333333
0 0.4734375 0.421875 0.046875 0.13125
0 0.33515625000000004 0.4270833333333333 0.035937500000000004 0.11666666666666667
