0 0.02556818181818182 0.19618055555555555 0.045454545454545456 0.26041666666666663
0 0.10227272727272728 0.17881944444444445 0.07386363636363637 0.28125
0 0.22443181818181818 0.18229166666666666 0.05681818181818182 0.26041666666666663
0 0.2684659090909091 0.1892361111111111 0.048295454545454544 0.24652777777777776
0 0.24573863636363638 0.3315972222222222 0.07102272727272728 0.3298611111111111
0 0.31392045454545453 0.34375 0.07102272727272728 0.34027777777777773
0 0.36647727272727276 0.2361111111111111 0.0625 0.1736111111111111
0 0.36079545454545453 0.4392361111111111 0.08522727272727273 0.3576388888888889
0 0.44176136363636365 0.3420138888888889 0.048295454545454544 0.30902777777777773
0 0.4857954545454546 0.3142361111111111 0.05681818181818182 0.32291666666666663
