0 0.8328125000000001 0.546875 0.151171875 0.46875
0 0.7000000000000001 0.5364583333333334 0.14579687500000002 0.45208333333333334
0 0.6372386612838916 0.5104166666666666 0.08868749999999999 0.275
0 0.21484375 0.49832668439716304 0.037360538563829794 0.11584663120567384
0 0.56796875 0.509375 0.03695312499999997 0.11458333333333333
0 0.5398437500000001 0.5125 0.025531249999999964 0.07916666666666666
0 0.51484375 0.5083333333333333 0.028218750000000004 0.0875
0 0.503125 0.5125 0.02284375000000001 0.07083333333333333
0 0.48515625 0.5072916666666667 0.030234375000000036 0.09375
0 0.4792501495215311 0.5063608156028369 0.02881914893617026 0.0893617021276596
