0 0.2684331797235023 0.5876288659793815 0.14055299539170507 0.28350515463917525
0 0.23963133640552994 0.13917525773195877 0.05529953917050691 0.13917525773195877
0 0.3271889400921659 0.14304123711340205 0.05529953917050691 0.14175257731958762
0 0.3248847926267281 0.3582474226804124 0.08755760368663594 0.2268041237113402
0 0.2304147465437788 0.3543814432989691 0.09216589861751152 0.2345360824742268
0 0.35714285714285715 0.4574742268041237 0.1152073732718894 0.2963917525773196
0 0.3882488479262673 0.5966494845360825 0.1359447004608295 0.2654639175257732
0 0.5633640552995391 0.595360824742268 0.1543778801843318 0.26804123711340205
0 0.001152073732718894 0.001288659793814433 -0.002304147465437788 -0.002577319587628866
0 0.001152073732718894 0.001288659793814433 -0.002304147465437788 -0.002577319587628866
0 0.001152073732718894 0.001288659793814433 -0.002304147465437788 -0.002577319587628866
0 0.001152073732718894 0.001288659793814433 -0.002304147465437788 -0.002577319587628866
0 0.001152073732718894 0.001288659793814433 -0.002304147465437788 -0.002577319587628866
0 0.001152073732718894 0.001288659793814433 -0.002304147465437788 -0.002577319587628866
0 0.001152073732718894 0.001288659793814433 -0.002304147465437788 -0.002577319587628866
0 0.001152073732718894 0.001288659793814433 -0.002304147465437788 -0.002577319587628866
0 0.20967741935483872 0.055412371134020616 0.041474654377880185 0.1056701030927835
