0 0.153125 0.5625 0.19062500000000002 0.5916666666666667
0 0.2546875 0.49583333333333335 0.043750000000000004 0.13333333333333333
0 0.28828125 0.5020833333333333 0.0484375 0.14583333333333334
0 0.32578125 0.49583333333333335 0.0484375 0.15
0 0.3515625 0.5177083333333333 0.021875000000000002 0.06875
0 0.36562500000000003 0.496875 0.034375 0.11041666666666666
0 0.41718750000000004 0.4979166666666667 0.040625 0.12916666666666665
0 0.44843750000000004 0.5197916666666667 0.028125 0.08541666666666667
0 0.94140625 0.4927083333333333 0.0390625 0.11875
0 0.54296875 0.496875 0.029687500000000002 0.08958333333333333
0 0.8484375000000001 0.48020833333333335 0.03125 0.09791666666666667
