0 0.001152073732718894 0.001288659793814433 -0.002304147465437788 -0.002577319587628866
0 0.44815668202764974 0.6391752577319587 0.15898617511520738 0.18556701030927836
0 0.7039170506912442 0.654639175257732 0.15898617511520738 0.14432989690721648
0 0.001152073732718894 0.001288659793814433 -0.002304147465437788 -0.002577319587628866
0 0.001152073732718894 0.001288659793814433 -0.002304147465437788 -0.002577319587628866
0 0.001152073732718894 0.001288659793814433 -0.002304147465437788 -0.002577319587628866
0 0.2868663594470046 0.13015463917525774 0.04838709677419355 0.1211340206185567
0 0.3283410138248848 0.13015463917525774 0.04377880184331797 0.11082474226804123
0 0.001152073732718894 0.001288659793814433 -0.002304147465437788 -0.002577319587628866
0 0.001152073732718894 0.001288659793814433 -0.002304147465437788 -0.002577319587628866
0 0.001152073732718894 0.001288659793814433 -0.002304147465437788 -0.002577319587628866
0 0.001152073732718894 0.001288659793814433 -0.002304147465437788 -0.002577319587628866
0 0.33410138248847926 0.22551546391752578 0.06912442396313365 0.17783505154639176
0 0.25806451612903225 0.23582474226804123 0.06451612903225806 0.16752577319587628
0 0.2638248847926267 0.24742268041237114 0.06221198156682028 0.15979381443298968
0 0.19930875576036866 0.14175257731958762 0.052995391705069124 0.13402061855670103
0 0.35714285714285715 0.06829896907216494 0.03686635944700461 0.09020618556701031
