0 0.12890625 0.5791666666666666 0.2546875 0.8375
0 0.43515625 0.5177083333333333 0.09531250000000001 0.29791666666666666
0 0.51484375 0.5322916666666666 0.0921875 0.28541666666666665
0 0.26875 0.5020833333333333 0.053125000000000006 0.16666666666666666
0 0.31484375000000003 0.5104166666666666 0.0484375 0.15
0 0.23203125000000002 0.49583333333333335 0.0578125 0.175
0 0.33125000000000004 0.5072916666666667 0.040625 0.12708333333333333
0 0.35468750000000004 0.509375 0.03125 0.09791666666666667
0 0.66796875 0.53125 0.045312500000000006 0.14166666666666666
0 0.7265625 0.5427083333333333 0.08750000000000001 0.27291666666666664
0 0.6195312500000001 0.528125 0.045312500000000006 0.13958333333333334
0 0.6976562500000001 0.5260416666666666 0.045312500000000006 0.13958333333333334
