0 0.11796875000000001 0.5114583333333333 0.1328125 0.41041666666666665
0 0.18671875000000002 0.5 0.0921875 0.2833333333333333
0 0.34453125 0.5114583333333333 0.06406250000000001 0.19791666666666666
0 0.375 0.503125 0.034375 0.11041666666666666
0 0.42421875000000003 0.5072916666666667 0.035937500000000004 0.11041666666666666
0 0.46171875 0.5 0.0328125 0.10416666666666667
0 0.46171875 0.553125 0.035937500000000004 0.11458333333333333
0 0.51171875 0.5239583333333333 0.060937500000000006 0.18958333333333333
0 0.58125 0.5333333333333333 0.08125 0.25
0 0.62421875 0.5197916666666667 0.0578125 0.18125
0 0.6507812500000001 0.5770833333333333 0.0546875 0.17083333333333334
0 0.73203125 0.528125 0.060937500000000006 0.18958333333333333
0 0.88828125 0.5375 0.0671875 0.20833333333333334
0 0.96796875 0.5354166666666667 0.06406250000000001 0.25
