0 0.0 0.0 0.0 0.0
0 0.17373778907496013 0.19080452127659572 0.05453766622340426 0.16910904255319145
0 0.2891821172248804 0.18333333333333332 0.04971874999999999 0.15416666666666667
0 0.0 0.0 0.0 0.0
0 0.0 0.0 0.0 0.0
0 0.0 0.0 0.0 0.0
0 0.23515625 0.2520833333333333 0.05643750000000001 0.175
0 0.28671875 0.25729166666666664 0.055765625 0.17291666666666666
0 0.0 0.0 0.0 0.0
0 0.0 0.0 0.0 0.0
0 0.1609375 0.28541666666666665 0.06584375 0.20416666666666666
0 0.0 0.0 0.0 0.0
0 0.0 0.0 0.0 0.0
0 0.0 0.0 0.0 0.0
0 0.0 0.0 0.0 0.0
0 0.13515625 0.06458333333333333 0.029562500000000005 0.09166666666666666
