0 0.0 0.0 0.0 0.0
0 0.23671875 0.36666666666666664 0.0833125 0.2583333333333333
0 0.36562500000000003 0.37604166666666666 0.08667187500000005 0.26875
0 0.0 0.0 0.0 0.0
0 0.0 0.0 0.0 0.0
0 0.0 0.0 0.0 0.0
0 0.1875 0.13958333333333334 0.034937500000000024 0.10833333333333334
0 0.22812500000000002 0.14375 0.03762500000000002 0.11666666666666667
0 0.0 0.0 0.0 0.0
0 0.0 0.0 0.0 0.0
0 0.0 0.0 0.0 0.0
0 0.184375 0.2791666666666667 0.05912499999999998 0.18333333333333332
0 0.31171875000000004 0.28020833333333334 0.062484375000000016 0.19375
0 0.26328125 0.2791666666666667 0.05375000000000001 0.16666666666666666
0 0.371875 0.27708333333333335 0.05106250000000001 0.15833333333333333
0 0.14140625 0.07395833333333333 0.024859374999999996 0.07708333333333334
0 0.11110882675438596 0.06666666666666667 0.030906250000000003 0.09583333333333333
