0 0.26328125 0.5833333333333334 0.1484375 0.4583333333333333
0 0.13515625 0.5625 0.1640625 0.5125
0 0.060937500000000006 0.5322916666666666 0.11875000000000001 0.45625
0 0.8921875 0.5614583333333333 0.06875 0.21041666666666667
0 0.63828125 0.55 0.0484375 0.15416666666666667
0 0.67578125 0.54375 0.0484375 0.14583333333333334
0 0.68125 0.5458333333333333 0.05 0.15416666666666667
0 0.8601562500000001 0.5354166666666667 0.0390625 0.11666666666666667
0 0.41640625000000003 0.5197916666666667 0.029687500000000002 0.08958333333333333
0 0.9796875 0.5552083333333333 0.040625 0.13958333333333334
