0 0.001152073732718894 0.001288659793814433 -0.002304147465437788 -0.002577319587628866
0 0.3294930875576037 0.36597938144329895 0.10599078341013825 0.27319587628865977
0 0.5288018433179723 0.375 0.10829493087557604 0.2757731958762887
0 0.001152073732718894 0.001288659793814433 -0.002304147465437788 -0.002577319587628866
0 0.001152073732718894 0.001288659793814433 -0.002304147465437788 -0.002577319587628866
0 0.001152073732718894 0.001288659793814433 -0.002304147465437788 -0.002577319587628866
0 0.2511520737327189 0.2036082474226804 0.06451612903225806 0.16494845360824742
0 0.3433179723502304 0.20231958762886598 0.059907834101382486 0.15721649484536082
0 0.001152073732718894 0.001288659793814433 -0.002304147465437788 -0.002577319587628866
0 0.001152073732718894 0.001288659793814433 -0.002304147465437788 -0.002577319587628866
0 0.001152073732718894 0.001288659793814433 -0.002304147465437788 -0.002577319587628866
0 0.2868663594470046 0.4265463917525773 0.10829493087557604 0.2757731958762887
0 0.5691244239631337 0.4368556701030928 0.10599078341013825 0.2757731958762887
0 0.3709677419354839 0.43943298969072164 0.10138248847926268 0.2654639175257732
0 0.6555299539170507 0.4381443298969072 0.0944700460829493 0.24742268041237114
0 0.21774193548387097 0.07474226804123711 0.03456221198156682 0.08762886597938144
