0 0.001152073732718894 0.001288659793814433 -0.002304147465437788 -0.002577319587628866
0 0.27764976958525345 0.2809278350515464 0.08525345622119816 0.21649484536082475
0 0.44930875576036866 0.2847938144329897 0.08755760368663594 0.22938144329896906
0 0.001152073732718894 0.001288659793814433 -0.002304147465437788 -0.002577319587628866
0 0.001152073732718894 0.001288659793814433 -0.002304147465437788 -0.002577319587628866
0 0.001152073732718894 0.001288659793814433 -0.002304147465437788 -0.002577319587628866
0 0.32142857142857145 0.25257731958762886 0.07142857142857142 0.18556701030927836
0 0.3847926267281106 0.25644329896907214 0.06912442396313365 0.18298969072164947
0 0.001152073732718894 0.001288659793814433 -0.002304147465437788 -0.002577319587628866
0 0.001152073732718894 0.001288659793814433 -0.002304147465437788 -0.002577319587628866
0 0.1889400921658986 0.25644329896907214 0.07834101382488479 0.2036082474226804
0 0.3294930875576037 0.5902061855670103 0.15668202764976957 0.28350515463917525
0 0.5460829493087558 0.5889175257731959 0.15207373271889402 0.2860824742268041
0 0.41244239631336405 0.6056701030927835 0.12903225806451613 0.25257731958762886
0 0.6543778801843319 0.6018041237113402 0.15207373271889402 0.25
0 0.001152073732718894 0.001288659793814433 -0.002304147465437788 -0.002577319587628866
