0 0.2868663594470046 0.5541237113402062 0.12672811059907835 0.32989690721649484
0 0.24769585253456222 0.13015463917525774 0.052995391705069124 0.13659793814432988
0 0.315668202764977 0.13402061855670103 0.05529953917050691 0.14432989690721648
0 0.3122119815668203 0.3118556701030928 0.07142857142857142 0.18556701030927836
0 0.22004608294930875 0.31572164948453607 0.08064516129032258 0.20876288659793815
0 0.5380184331797235 0.4832474226804124 0.1175115207373272 0.2757731958762887
0 0.39631336405529954 0.625 0.14285714285714285 0.21391752577319587
0 0.5380184331797235 0.6391752577319587 0.1313364055299539 0.19072164948453607
0 0.001152073732718894 0.001288659793814433 -0.002304147465437788 -0.002577319587628866
0 0.001152073732718894 0.001288659793814433 -0.002304147465437788 -0.002577319587628866
0 0.001152073732718894 0.001288659793814433 -0.002304147465437788 -0.002577319587628866
0 0.001152073732718894 0.001288659793814433 -0.002304147465437788 -0.002577319587628866
0 0.001152073732718894 0.001288659793814433 -0.002304147465437788 -0.002577319587628866
0 0.001152073732718894 0.001288659793814433 -0.002304147465437788 -0.002577319587628866
0 0.001152073732718894 0.001288659793814433 -0.002304147465437788 -0.002577319587628866
0 0.001152073732718894 0.001288659793814433 -0.002304147465437788 -0.002577319587628866
0 0.21428571428571427 0.055412371134020616 0.041474654377880185 0.1056701030927835
