0 0.2684331797235023 0.6494845360824743 0.1497695852534562 0.17010309278350516
0 0.2315668202764977 0.15463917525773196 0.0576036866359447 0.14948453608247422
0 0.32027649769585254 0.15850515463917525 0.059907834101382486 0.15206185567010308
0 0.37327188940092165 0.4162371134020618 0.0967741935483871 0.25
0 0.28456221198156684 0.41237113402061853 0.09907834101382489 0.25773195876288657
0 0.21889400921658986 0.42783505154639173 0.11981566820276497 0.30927835051546393
0 0.3882488479262673 0.5463917525773195 0.12672811059907835 0.3247422680412371
0 0.4873271889400922 0.5554123711340206 0.1313364055299539 0.3427835051546392
0 0.001152073732718894 0.001288659793814433 -0.002304147465437788 -0.002577319587628866
0 0.001152073732718894 0.001288659793814433 -0.002304147465437788 -0.002577319587628866
0 0.001152073732718894 0.001288659793814433 -0.002304147465437788 -0.002577319587628866
0 0.001152073732718894 0.001288659793814433 -0.002304147465437788 -0.002577319587628866
0 0.001152073732718894 0.001288659793814433 -0.002304147465437788 -0.002577319587628866
0 0.001152073732718894 0.001288659793814433 -0.002304147465437788 -0.002577319587628866
0 0.001152073732718894 0.001288659793814433 -0.002304147465437788 -0.002577319587628866
0 0.26036866359447003 0.06443298969072164 0.041474654377880185 0.10824742268041238
