0 0.055468750000000004 0.4864583333333333 0.1078125 0.46875
0 0.13359375 0.54375 0.2015625 0.6291666666666667
0 0.3015625 0.4864583333333333 0.043750000000000004 0.13125
0 0.36484375 0.4875 0.045312500000000006 0.14166666666666666
0 0.42500000000000004 0.48854166666666665 0.034375 0.11041666666666666
0 0.45546875000000003 0.48854166666666665 0.0390625 0.11875
0 0.48125 0.48333333333333334 0.034375 0.10833333333333334
0 0.50703125 0.49583333333333335 0.0390625 0.125
0 0.58125 0.525 0.096875 0.30416666666666664
0 0.6273437500000001 0.49583333333333335 0.0703125 0.22083333333333333
0 0.6726562500000001 0.58125 0.0671875 0.20833333333333334
0 0.7859375000000001 0.5114583333333333 0.053125000000000006 0.16458333333333333
0 0.76328125 0.5375 0.0546875 0.17083333333333334
0 0.87265625 0.5260416666666666 0.0859375 0.26458333333333334
0 0.65390625 0.5 0.060937500000000006 0.19166666666666665
0 0.7367187500000001 0.503125 0.045312500000000006 0.13958333333333334
