0 0.001152073732718894 0.001288659793814433 -0.002304147465437788 -0.002577319587628866
0 0.4447004608294931 0.6404639175257731 0.16129032258064516 0.17783505154639176
0 0.7200460829493087 0.6520618556701031 0.16359447004608296 0.14948453608247422
0 0.001152073732718894 0.001288659793814433 -0.002304147465437788 -0.002577319587628866
0 0.001152073732718894 0.001288659793814433 -0.002304147465437788 -0.002577319587628866
0 0.001152073732718894 0.001288659793814433 -0.002304147465437788 -0.002577319587628866
0 0.2857142857142857 0.13015463917525774 0.04608294930875576 0.1211340206185567
0 0.3283410138248848 0.13788659793814434 0.052995391705069124 0.13144329896907217
0 0.001152073732718894 0.001288659793814433 -0.002304147465437788 -0.002577319587628866
0 0.001152073732718894 0.001288659793814433 -0.002304147465437788 -0.002577319587628866
0 0.001152073732718894 0.001288659793814433 -0.002304147465437788 -0.002577319587628866
0 0.001152073732718894 0.001288659793814433 -0.002304147465437788 -0.002577319587628866
0 0.33410138248847926 0.22938144329896906 0.06451612903225806 0.17010309278350516
0 0.2465437788018433 0.23582474226804123 0.06451612903225806 0.16752577319587628
0 0.2511520737327189 0.24742268041237114 0.059907834101382486 0.15979381443298968
0 0.20276497695852536 0.14304123711340205 0.05069124423963134 0.13659793814432988
0 0.35599078341013823 0.06701030927835051 0.03456221198156682 0.08762886597938144
