0 0.48984375 0.4114583333333333 0.0546875 0.18541666666666667
0 0.88984375 0.3885416666666667 0.051562500000000004 0.13541666666666666
0 0.01640625 0.5135416666666667 0.029687500000000002 0.4895833333333333
0 0.06640625 0.428125 0.0421875 0.16041666666666665
0 0.1171875 0.4270833333333333 0.037500000000000006 0.14583333333333334
0 0.74765625 0.4197916666666667 0.029687500000000002 0.12291666666666666
0 0.234375 0.41562499999999997 0.053125000000000006 0.18125
0 0.265625 0.41562499999999997 0.03125 0.16458333333333333
0 0.6414062500000001 0.4145833333333333 0.029687500000000002 0.1
0 0.7210937500000001 0.41562499999999997 0.029687500000000002 0.11875
0 0.8046875 0.41041666666666665 0.034375 0.10833333333333334
0 0.77109375 0.41770833333333335 0.029687500000000002 0.11458333333333333
