0 0.67109375 0.5395833333333333 0.05106250000000001 0.15833333333333333
0 0.38828125 0.5385416666666667 0.05442187500000002 0.16875
0 0.34218750000000003 0.5291666666666667 0.06315624999999998 0.19583333333333333
0 0.3040084105861244 0.531748670212766 0.05342835771276593 0.16566932624113473
0 0.26796875000000003 0.5260416666666666 0.06920312499999999 0.21458333333333332
0 0.2515625 0.51875 0.061812500000000006 0.19166666666666665
0 0.8406250000000001 0.5552083333333333 0.03964062500000001 0.12291666666666666
0 0.04296875 0.5125 0.038968749999999996 0.12083333333333333
0 0.496875 0.5302083333333333 0.030234375000000036 0.09375
0 0.56640625 0.5302083333333333 0.030234375000000036 0.09375
0 0.5789386463317384 0.534375 0.028890625000000017 0.08958333333333333
0 0.8341145833333332 0.5382757092198581 0.03019148936170222 0.09361702127659577
0 0.8604303728070175 0.5404033687943262 0.03019148936170222 0.09361702127659577
