0 0.2730414746543779 0.5773195876288659 0.1497695852534562 0.29896907216494845
0 0.23963133640552994 0.13917525773195877 0.05529953917050691 0.13917525773195877
0 0.3248847926267281 0.1404639175257732 0.05529953917050691 0.14175257731958762
0 0.32142857142857145 0.3556701030927835 0.08986175115207373 0.23195876288659795
0 0.2304147465437788 0.3440721649484536 0.08755760368663594 0.22938144329896906
0 0.37672811059907835 0.49742268041237114 0.14055299539170507 0.36082474226804123
0 0.3813364055299539 0.6056701030927835 0.14055299539170507 0.25257731958762886
0 0.5691244239631337 0.6030927835051546 0.15668202764976957 0.25773195876288657
0 0.001152073732718894 0.001288659793814433 -0.002304147465437788 -0.002577319587628866
0 0.001152073732718894 0.001288659793814433 -0.002304147465437788 -0.002577319587628866
0 0.001152073732718894 0.001288659793814433 -0.002304147465437788 -0.002577319587628866
0 0.001152073732718894 0.001288659793814433 -0.002304147465437788 -0.002577319587628866
0 0.001152073732718894 0.001288659793814433 -0.002304147465437788 -0.002577319587628866
0 0.001152073732718894 0.001288659793814433 -0.002304147465437788 -0.002577319587628866
0 0.001152073732718894 0.001288659793814433 -0.002304147465437788 -0.002577319587628866
0 0.001152073732718894 0.001288659793814433 -0.002304147465437788 -0.002577319587628866
0 0.21428571428571427 0.055412371134020616 0.041474654377880185 0.1056701030927835
