0 0.37421875000000004 0.5 0.0484375 0.14583333333333334
0 0.4140625 0.5135416666666667 0.053125000000000006 0.16458333333333333
0 0.45937500000000003 0.5 0.028125 0.09166666666666666
0 0.48203125 0.5052083333333334 0.0390625 0.11875
0 0.5085937500000001 0.503125 0.035937500000000004 0.11458333333333333
0 0.64609375 0.5072916666666667 0.060937500000000006 0.18541666666666667
0 0.67890625 0.5020833333333333 0.06406250000000001 0.19583333333333333
0 0.8031250000000001 0.54375 0.19062500000000002 0.5958333333333333
0 0.87421875 0.5177083333333333 0.0546875 0.17291666666666666
0 0.9421875000000001 0.5770833333333333 0.115625 0.5125
