0 0.05234375 0.515625 0.1015625 0.3854166666666667
0 0.1328125 0.5145833333333333 0.11875000000000001 0.36666666666666664
0 0.18046875 0.5135416666666667 0.0859375 0.26458333333333334
0 0.26796875000000003 0.5041666666666667 0.0421875 0.13333333333333333
0 0.31562500000000004 0.5239583333333333 0.08125 0.2520833333333333
0 0.353125 0.484375 0.034375 0.10208333333333333
0 0.42812500000000003 0.5020833333333333 0.034375 0.10416666666666667
0 0.39375000000000004 0.49895833333333334 0.03125 0.09791666666666667
0 0.9640625 0.5041666666666667 0.040625 0.12916666666666665
0 0.5328125 0.5 0.028125 0.08333333333333333
0 0.46406250000000004 0.51875 0.025 0.07083333333333333
