0 0.0 0.0 0.0 0.0
0 0.23515625 0.35833333333333334 0.08196874999999999 0.25416666666666665
0 0.36328125 0.37083333333333335 0.08331250000000004 0.2583333333333333
0 0.0 0.0 0.0 0.0
0 0.0 0.0 0.0 0.0
0 0.0 0.0 0.0 0.0
0 0.1875 0.14166666666666666 0.03628125000000002 0.1125
0 0.2265625 0.14375 0.03762500000000002 0.11666666666666667
0 0.0 0.0 0.0 0.0
0 0.0 0.0 0.0 0.0
0 0.0 0.0 0.0 0.0
0 0.18359375 0.28125 0.05912499999999998 0.18333333333333332
0 0.32421875 0.28125 0.057781249999999985 0.17916666666666667
0 0.275 0.2916666666666667 0.05912500000000001 0.18333333333333332
0 0.38125000000000003 0.2916666666666667 0.05643750000000001 0.175
0 0.14140625 0.071875 0.024859374999999996 0.07708333333333334
0 0.11056805721690591 0.06458333333333333 0.02956249999999999 0.09166666666666666
