0 0.6349431818181819 0.19791666666666666 0.08238636363636363 0.38888888888888884
0 0.671875 0.25 0.048295454545454544 0.38888888888888884
0 0.7073863636363636 0.3055555555555555 0.0625 0.4236111111111111
0 0.7272727272727273 0.059027777777777776 0.02840909090909091 0.1111111111111111
0 0.7599431818181819 0.06944444444444445 0.04261363636363637 0.09722222222222221
0 0.7897727272727273 0.2204861111111111 0.05113636363636364 0.4131944444444444
0 0.8252840909090909 0.29166666666666663 0.08806818181818182 0.45138888888888884
0 0.8721590909090909 0.09375 0.05113636363636364 0.13194444444444445
0 0.9034090909090909 0.3038194444444444 0.10227272727272728 0.4270833333333333
0 0.9573863636363636 0.2586805555555555 0.08522727272727273 0.40625
