0 0.26150611792264755 0.5395833333333333 0.15453124999999998 0.4791666666666667
0 0.3484375 0.503125 0.05173437500000003 0.16041666666666665
0 0.384375 0.49895833333333334 0.030234374999999994 0.09375
0 0.45078125 0.4979166666666667 0.03224999999999998 0.1
0 0.49296875 0.50625 0.03359375 0.10416666666666667
0 0.5359375000000001 0.5052083333333334 0.03292187499999999 0.10208333333333333
0 0.55703125 0.50625 0.03359375 0.10416666666666667
0 0.6187823963317385 0.5166666666666666 0.052406250000000036 0.1625
0 0.72265625 0.5083333333333333 0.042999999999999976 0.13333333333333333
0 0.7976562500000001 0.5333333333333333 0.10884375000000004 0.3375
0 0.8851562500000001 0.5489583333333333 0.19551562500000008 0.60625
0 0.9505420155502393 0.5414671985815604 0.08714361702127658 0.2702127659574468
