0 0.02840909090909091 0.22395833333333331 0.05113636363636364 0.23958333333333331
0 0.06534090909090909 0.1736111111111111 0.045454545454545456 0.2569444444444444
0 0.09232954545454546 0.21354166666666666 0.048295454545454544 0.2743055555555555
0 0.15482954545454547 0.23263888888888887 0.048295454545454544 0.2708333333333333
0 0.19460227272727273 0.203125 0.05397727272727273 0.26041666666666663
0 0.22017045454545456 0.1892361111111111 0.05397727272727273 0.30902777777777773
0 0.27982954545454547 0.21701388888888887 0.05397727272727273 0.2881944444444444
0 0.328125 0.3159722222222222 0.07102272727272728 0.3333333333333333
0 0.18039772727272727 0.3333333333333333 0.06534090909090909 0.3125
0 0.8693181818181819 0.6666666666666666 0.09090909090909091 0.4583333333333333
0 0.9730113636363636 0.6527777777777778 0.05397727272727273 0.4097222222222222
