0 0.078125 0.5145833333333333 0.14378124999999997 0.4458333333333333
0 0.16640625 0.4979166666666667 0.09540625000000001 0.29583333333333334
0 0.32890625 0.5125 0.07390624999999998 0.22916666666666666
0 0.36015625 0.5 0.03762500000000002 0.11666666666666667
0 0.41171875 0.503125 0.03560937499999999 0.11041666666666666
0 0.4492511463317385 0.501174645390071 0.034265625000000015 0.10625
0 0.465625 0.5552083333333333 0.03829687499999999 0.11875
0 0.48750000000000004 0.5114583333333333 0.03560937500000003 0.11041666666666666
0 0.509375 0.5197916666666667 0.06382812500000004 0.19791666666666666
0 0.5671875000000001 0.5313275709219859 0.07923121675531908 0.24567819148936157
0 0.6156250000000001 0.5114583333333333 0.061140625 0.18958333333333333
0 0.6414062500000001 0.578125 0.05845312500000004 0.18125
0 0.675 0.5395833333333333 0.042999999999999976 0.13333333333333333
0 0.734375 0.5302083333333333 0.062484375000000016 0.19375
0 0.9109375000000001 0.5375 0.06987500000000005 0.21666666666666667
0 0.9546875 0.5291666666666667 0.06987500000000005 0.21666666666666667
