0 0.19687500000000002 0.5958333333333333 0.043750000000000004 0.13333333333333333
0 0.3359375 0.6083333333333333 0.040625 0.125
0 0.49062500000000003 0.6041666666666666 0.043750000000000004 0.13333333333333333
0 0.6078125000000001 0.5989583333333334 0.037500000000000006 0.11875
0 0.6578125 0.5947916666666666 0.037500000000000006 0.11875
0 0.78125 0.6010416666666667 0.034375 0.10625
0 0.6796875 0.6 0.03125 0.1
0 0.51953125 0.5916666666666667 0.0421875 0.12916666666666665
0 0.46796875000000004 0.6 0.035937500000000004 0.1125
0 0.8289062500000001 0.603125 0.0390625 0.11875
0 0.84765625 0.590625 0.0328125 0.10208333333333333
0 0.9554687500000001 0.596875 0.035937500000000004 0.11041666666666666
0 0.9695312500000001 0.6010416666666667 0.0328125 0.10208333333333333
0 0.7992187500000001 0.603125 0.0390625 0.12291666666666666
