0 0.018750000000000003 0.503125 0.03964062500000001 0.12291666666666666
0 0.4781759307715312 0.5191267730496454 0.04254255319148941 0.1319148936170213
0 0.7515625 0.5354166666666667 0.048374999999999974 0.15
0 0.53046875 0.5256094858156029 0.04260688164893614 0.13211436170212765
0 0.5703125 0.53125 0.038968749999999996 0.12083333333333333
0 0.4640184285287081 0.5166666666666666 0.044343749999999994 0.1375
0 0.503125 0.5260416666666666 0.03829687499999999 0.11875
0 0.9171875 0.55 0.03628125000000004 0.1125
0 0.21484375 0.50625 0.02956249999999998 0.09166666666666666
0 0.6265625 0.5260416666666666 0.028890625000000017 0.08958333333333333
0 0.69453125 0.528125 0.027546874999999995 0.08541666666666667
0 0.37478443979266346 0.5223182624113475 0.04322872340425535 0.13404255319148947
