0 0.0 0.0 0.0 0.0
0 0.26640625 0.42083333333333334 0.09271875000000002 0.2875
0 0.41640625000000003 0.4354166666666667 0.09674999999999999 0.3
0 0.0 0.0 0.0 0.0
0 0.0 0.0 0.0 0.0
0 0.0 0.0 0.0 0.0
0 0.19140625 0.13125 0.03628125000000002 0.1125
0 0.23046875 0.12916666666666665 0.034937500000000024 0.10833333333333334
0 0.0 0.0 0.0 0.0
0 0.0 0.0 0.0 0.0
0 0.0 0.0 0.0 0.0
0 0.1609375 0.240625 0.054421875 0.16875
0 0.2734375 0.234375 0.050390625 0.15625
0 0.22812500000000002 0.25 0.05106250000000001 0.15833333333333333
0 0.3125 0.24687499999999998 0.04904687499999998 0.15208333333333332
0 0.13515625 0.08229166666666667 0.027546874999999995 0.08541666666666667
0 0.153125 0.06458333333333333 0.029562500000000005 0.09166666666666666
