0 0.2707373271889401 0.6353092783505154 0.16359447004608296 0.18814432989690721
0 0.22811059907834103 0.15463917525773196 0.05529953917050691 0.14948453608247422
0 0.32373271889400923 0.15721649484536082 0.0576036866359447 0.14948453608247422
0 0.3721198156682028 0.3865979381443299 0.07603686635944701 0.20103092783505155
0 0.28456221198156684 0.40463917525773196 0.09907834101382489 0.25773195876288657
0 0.23617511520737328 0.4329896907216495 0.12211981566820276 0.31443298969072164
0 0.38018433179723504 0.5618556701030928 0.12903225806451613 0.32989690721649484
0 0.4930875576036866 0.5631443298969072 0.1336405529953917 0.3427835051546392
0 0.001152073732718894 0.001288659793814433 -0.002304147465437788 -0.002577319587628866
0 0.001152073732718894 0.001288659793814433 -0.002304147465437788 -0.002577319587628866
0 0.001152073732718894 0.001288659793814433 -0.002304147465437788 -0.002577319587628866
0 0.001152073732718894 0.001288659793814433 -0.002304147465437788 -0.002577319587628866
0 0.001152073732718894 0.001288659793814433 -0.002304147465437788 -0.002577319587628866
0 0.001152073732718894 0.001288659793814433 -0.002304147465437788 -0.002577319587628866
0 0.001152073732718894 0.001288659793814433 -0.002304147465437788 -0.002577319587628866
0 0.25 0.06443298969072164 0.03917050691244239 0.10824742268041238
