0 0.18281250000000002 0.6104166666666666 0.037500000000000006 0.11666666666666667
0 0.9703125 0.5958333333333333 0.037500000000000006 0.11666666666666667
0 0.33125000000000004 0.6125 0.040625 0.125
0 0.36171875000000003 0.60625 0.0421875 0.12916666666666665
0 0.41875 0.6020833333333333 0.043750000000000004 0.1375
0 0.6648437500000001 0.5947916666666666 0.045312500000000006 0.13958333333333334
0 0.5703125 0.6104166666666666 0.043750000000000004 0.1375
0 0.50625 0.60625 0.040625 0.12916666666666665
0 0.53359375 0.6010416666666667 0.045312500000000006 0.13958333333333334
0 0.4703125 0.6125 0.046875 0.14583333333333334
0 0.43671875000000004 0.6104166666666666 0.0421875 0.12916666666666665
0 0.8382812500000001 0.5947916666666666 0.035937500000000004 0.11041666666666666
0 0.9171875 0.5958333333333333 0.037500000000000006 0.11666666666666667
0 0.90234375 0.596875 0.0390625 0.12291666666666666
0 0.8851562500000001 0.5927083333333333 0.035937500000000004 0.11458333333333333
0 0.7679687500000001 0.5927083333333333 0.0390625 0.12291666666666666
0 0.7859375000000001 0.596875 0.037500000000000006 0.11875
0 0.7367187500000001 0.596875 0.0390625 0.12291666666666666
0 0.27890625 0.578125 0.0328125 0.09791666666666667
0 0.11640625 0.5979166666666667 0.035937500000000004 0.10833333333333334
0 0.5515625000000001 0.6083333333333333 0.037500000000000006 0.11666666666666667
0 0.403125 0.5989583333333334 0.037500000000000006 0.11458333333333333
