0 0.001152073732718894 0.001288659793814433 -0.002304147465437788 -0.002577319587628866
0 0.23963133640552994 0.20231958762886598 0.06912442396313365 0.17783505154639176
0 0.3790322580645161 0.19845360824742267 0.06682027649769585 0.17525773195876287
0 0.4308755760368664 0.6365979381443299 0.14285714285714285 0.1958762886597938
0 0.29377880184331795 0.6327319587628866 0.1497695852534562 0.2036082474226804
0 0.001152073732718894 0.001288659793814433 -0.002304147465437788 -0.002577319587628866
0 0.37557603686635943 0.36211340206185566 0.08755760368663594 0.22938144329896906
0 0.45622119815668205 0.36211340206185566 0.09216589861751152 0.23969072164948454
0 0.001152073732718894 0.001288659793814433 -0.002304147465437788 -0.002577319587628866
0 0.001152073732718894 0.001288659793814433 -0.002304147465437788 -0.002577319587628866
0 0.34101382488479265 0.4381443298969072 0.1152073732718894 0.30412371134020616
0 0.001152073732718894 0.001288659793814433 -0.002304147465437788 -0.002577319587628866
0 0.001152073732718894 0.001288659793814433 -0.002304147465437788 -0.002577319587628866
0 0.001152073732718894 0.001288659793814433 -0.002304147465437788 -0.002577319587628866
0 0.001152073732718894 0.001288659793814433 -0.002304147465437788 -0.002577319587628866
0 0.001152073732718894 0.001288659793814433 -0.002304147465437788 -0.002577319587628866
0 0.28110599078341014 0.07731958762886598 0.041474654377880185 0.10824742268041238
