0 0.37734375000000003 0.5052083333333334 0.0421875 0.13125
0 0.42421875000000003 0.5125 0.045312500000000006 0.14166666666666666
0 0.46328125000000003 0.5 0.029687500000000002 0.09583333333333333
0 0.48671875000000003 0.49895833333333334 0.0328125 0.10208333333333333
0 0.51484375 0.5052083333333334 0.0328125 0.10625
0 0.61875 0.5020833333333333 0.05 0.15833333333333333
0 0.6742187500000001 0.5260416666666666 0.1171875 0.3645833333333333
0 0.79453125 0.540625 0.1046875 0.32708333333333334
0 0.8625 0.5145833333333333 0.053125000000000006 0.16666666666666666
0 0.9070312500000001 0.4895833333333333 0.010937500000000001 0.05416666666666667
0 0.921875 0.484375 0.0125 0.06458333333333333
0 0.9382812500000001 0.4895833333333333 0.010937500000000001 0.075
0 0.95234375 0.490625 0.0171875 0.08125
0 0.971875 0.49166666666666664 0.018750000000000003 0.08333333333333333
