0 0.5945312500000001 0.6052083333333333 0.0390625 0.11875
0 0.5375 0.6020833333333333 0.040625 0.125
0 0.7640625000000001 0.603125 0.037500000000000006 0.11875
0 0.9859375 0.5833333333333334 0.028125 0.11666666666666667
0 0.97265625 0.5854166666666667 0.0390625 0.12083333333333333
0 0.9281250000000001 0.6010416666666667 0.040625 0.12708333333333333
0 0.90390625 0.5947916666666666 0.0390625 0.11875
0 0.8609375 0.596875 0.040625 0.12708333333333333
0 0.8835937500000001 0.6010416666666667 0.0421875 0.12708333333333333
0 0.21953125 0.6052083333333333 0.0421875 0.13541666666666666
0 0.4078125 0.6020833333333333 0.040625 0.125
0 0.43281250000000004 0.5979166666666667 0.040625 0.12916666666666665
0 0.37421875000000004 0.6104166666666666 0.045312500000000006 0.1375
