0 0.15937500000000002 0.6 0.24590625 0.7625
0 0.31562500000000004 0.5114583333333333 0.050390625 0.15625
0 0.4359698963317385 0.5166666666666666 0.09406250000000003 0.2916666666666667
0 0.5167302133173843 0.525 0.0940625 0.2916666666666667
0 0.27109375 0.5010416666666666 0.05442187500000002 0.16875
0 0.6578785386762361 0.534020390070922 0.04528723404255315 0.14042553191489357
0 0.6913713616427433 0.5276374113475177 0.04528723404255324 0.14042553191489363
0 0.7256616327751196 0.5393395390070921 0.08851595744680846 0.27446808510638293
0 0.3341145833333333 0.508488475177305 0.03842553191489362 0.11914893617021273
0 0.3556456838118022 0.509552304964539 0.03087765957446811 0.09574468085106388
0 0.6156137858851675 0.5297650709219858 0.04528723404255324 0.14042553191489363
