0 0.001152073732718894 0.001288659793814433 -0.002304147465437788 -0.002577319587628866
0 0.42972350230414746 0.6005154639175257 0.1543778801843318 0.26288659793814434
0 0.6705069124423964 0.615979381443299 0.15207373271889402 0.23711340206185566
0 0.001152073732718894 0.001288659793814433 -0.002304147465437788 -0.002577319587628866
0 0.001152073732718894 0.001288659793814433 -0.002304147465437788 -0.002577319587628866
0 0.001152073732718894 0.001288659793814433 -0.002304147465437788 -0.002577319587628866
0 0.2799539170506912 0.13402061855670103 0.04838709677419355 0.12371134020618557
0 0.326036866359447 0.14175257731958762 0.04838709677419355 0.12886597938144329
0 0.001152073732718894 0.001288659793814433 -0.002304147465437788 -0.002577319587628866
0 0.001152073732718894 0.001288659793814433 -0.002304147465437788 -0.002577319587628866
0 0.001152073732718894 0.001288659793814433 -0.002304147465437788 -0.002577319587628866
0 0.18087557603686635 0.24484536082474226 0.07142857142857142 0.18041237113402062
0 0.36059907834101385 0.2345360824742268 0.06682027649769585 0.17525773195876287
0 0.2960829493087558 0.24871134020618557 0.06682027649769585 0.17268041237113402
0 0.37672811059907835 0.26288659793814434 0.06682027649769585 0.17010309278350516
0 0.19009216589861752 0.12886597938144329 0.04377880184331797 0.11855670103092783
0 0.3387096774193548 0.08247422680412371 0.04608294930875576 0.11855670103092783
