0 0.9296875 0.55625 0.140625 0.4708333333333333
0 0.6960937500000001 0.5260416666666666 0.0421875 0.13541666666666666
0 0.521875 0.5229166666666667 0.053125000000000006 0.1625
0 0.08046875 0.49374999999999997 0.0390625 0.11666666666666667
0 0.02890625 0.4927083333333333 0.0328125 0.10625
0 0.49765625 0.5145833333333333 0.0390625 0.125
0 0.5710937500000001 0.51875 0.029687500000000002 0.09583333333333333
0 0.8640625000000001 0.54375 0.03125 0.1
0 0.6156250000000001 0.5166666666666666 0.021875000000000002 0.07083333333333333
0 0.6726562500000001 0.5239583333333333 0.0234375 0.07291666666666667
0 0.784375 0.5239583333333333 0.021875000000000002 0.06875
0 0.54453125 0.5125 0.0328125 0.1
0 0.2109375 0.4947916666666667 0.028125 0.08541666666666667
0 0.13203125000000002 0.4864583333333333 0.0234375 0.07291666666666667
0 0.15390625000000002 0.48854166666666665 0.0234375 0.07291666666666667
0 0.171875 0.4875 0.021875000000000002 0.07083333333333333
