0 0.26484375 0.5145833333333333 0.1046875 0.32916666666666666
0 0.3296875 0.521875 0.14375000000000002 0.44375
0 0.3875 0.50625 0.046875 0.14583333333333334
0 0.48359375000000004 0.5010416666666666 0.029687500000000002 0.09375
0 0.5265625 0.5041666666666667 0.03125 0.09583333333333333
0 0.5750000000000001 0.5083333333333333 0.034375 0.10416666666666667
0 0.6492187500000001 0.5125 0.051562500000000004 0.1625
0 0.83984375 0.5322916666666666 0.16718750000000002 0.5145833333333333
0 0.75390625 0.5083333333333333 0.0421875 0.12916666666666665
0 0.9656250000000001 0.5416666666666666 0.06875 0.2916666666666667
