0 0.001152073732718894 0.001288659793814433 -0.002304147465437788 -0.002577319587628866
0 0.24769585253456222 0.2074742268041237 0.06682027649769585 0.17783505154639176
0 0.3836405529953917 0.20231958762886598 0.06682027649769585 0.17268041237113402
0 0.4470046082949309 0.6443298969072165 0.16129032258064516 0.17010309278350516
0 0.29493087557603687 0.6391752577319587 0.14285714285714285 0.18041237113402062
0 0.001152073732718894 0.001288659793814433 -0.002304147465437788 -0.002577319587628866
0 0.3686635944700461 0.3634020618556701 0.08755760368663594 0.23195876288659795
0 0.4596774193548387 0.35695876288659795 0.08986175115207373 0.22938144329896906
0 0.001152073732718894 0.001288659793814433 -0.002304147465437788 -0.002577319587628866
0 0.001152073732718894 0.001288659793814433 -0.002304147465437788 -0.002577319587628866
0 0.326036866359447 0.4252577319587629 0.11290322580645161 0.28865979381443296
0 0.001152073732718894 0.001288659793814433 -0.002304147465437788 -0.002577319587628866
0 0.001152073732718894 0.001288659793814433 -0.002304147465437788 -0.002577319587628866
0 0.001152073732718894 0.001288659793814433 -0.002304147465437788 -0.002577319587628866
0 0.001152073732718894 0.001288659793814433 -0.002304147465437788 -0.002577319587628866
0 0.001152073732718894 0.001288659793814433 -0.002304147465437788 -0.002577319587628866
0 0.27534562211981567 0.07731958762886598 0.04377880184331797 0.10824742268041238
