0 0.27880184331797236 0.5786082474226804 0.14285714285714285 0.30670103092783507
0 0.24193548387096775 0.13917525773195877 0.05529953917050691 0.13917525773195877
0 0.3248847926267281 0.1404639175257732 0.05529953917050691 0.14175257731958762
0 0.3191244239631336 0.34149484536082475 0.07603686635944701 0.2036082474226804
0 0.23271889400921658 0.3427835051546392 0.08755760368663594 0.2268041237113402
0 0.391705069124424 0.431701030927835 0.1152073732718894 0.24484536082474226
0 0.3882488479262673 0.604381443298969 0.14055299539170507 0.25
0 0.5587557603686636 0.6082474226804123 0.1359447004608295 0.24742268041237114
0 0.001152073732718894 0.001288659793814433 -0.002304147465437788 -0.002577319587628866
0 0.001152073732718894 0.001288659793814433 -0.002304147465437788 -0.002577319587628866
0 0.001152073732718894 0.001288659793814433 -0.002304147465437788 -0.002577319587628866
0 0.001152073732718894 0.001288659793814433 -0.002304147465437788 -0.002577319587628866
0 0.001152073732718894 0.001288659793814433 -0.002304147465437788 -0.002577319587628866
0 0.001152073732718894 0.001288659793814433 -0.002304147465437788 -0.002577319587628866
0 0.001152073732718894 0.001288659793814433 -0.002304147465437788 -0.002577319587628866
0 0.001152073732718894 0.001288659793814433 -0.002304147465437788 -0.002577319587628866
0 0.2119815668202765 0.055412371134020616 0.041474654377880185 0.1056701030927835
