0 0.0 0.0 0.0 0.0
0 0.19843750000000004 0.24583333333333332 0.06046875000000003 0.1875
0 0.31328125 0.24687499999999998 0.062484375000000016 0.19375
0 0.0 0.0 0.0 0.0
0 0.0 0.0 0.0 0.0
0 0.0 0.0 0.0 0.0
0 0.21015625000000002 0.18958333333333333 0.044343749999999994 0.1375
0 0.25390625 0.19270833333333334 0.04635937499999998 0.14375
0 0.0 0.0 0.0 0.0
0 0.0 0.0 0.0 0.0
0 0.09843750000000001 0.25 0.004031250000000009 0.0125
0 0.20546875 0.4479166666666667 0.08734375 0.2708333333333333
0 0.35234375 0.45416666666666666 0.08868749999999999 0.275
0 0.26875 0.4583333333333333 0.0833125 0.2583333333333333
0 0.41015625 0.4635416666666667 0.08264062499999998 0.25625
0 0.15390625000000002 0.05 0.02150000000000001 0.06666666666666667
