0 0.0 0.0 0.0 0.0
0 0.2734375 0.4354166666666667 0.09540625000000001 0.29583333333333334
0 0.42578125 0.4427083333333333 0.09742187500000005 0.3020833333333333
0 0.0 0.0 0.0 0.0
0 0.0 0.0 0.0 0.0
0 0.0 0.0 0.0 0.0
0 0.19062500000000002 0.128125 0.03560937500000001 0.11041666666666666
0 0.23093039772727272 0.12604166666666666 0.034265625000000015 0.10625
0 0.0 0.0 0.0 0.0
0 0.0 0.0 0.0 0.0
0 0.0 0.0 0.0 0.0
0 0.1640625 0.23645833333333333 0.053078125000000004 0.16458333333333333
0 0.26640625 0.23333333333333334 0.05106250000000001 0.15833333333333333
0 0.225 0.24479166666666666 0.05173437500000003 0.16041666666666665
0 0.30312500000000003 0.24375 0.048375000000000015 0.15
0 0.134375 0.08541666666666667 0.026875000000000007 0.08333333333333333
0 0.16171875000000002 0.06458333333333333 0.029562500000000005 0.09166666666666666
