0 0.001152073732718894 0.001288659793814433 -0.002304147465437788 -0.002577319587628866
0 0.46889400921658986 0.6533505154639175 0.1543778801843318 0.15721649484536082
0 0.7338709677419355 0.6739690721649484 0.1497695852534562 0.1211340206185567
0 0.001152073732718894 0.001288659793814433 -0.002304147465437788 -0.002577319587628866
0 0.001152073732718894 0.001288659793814433 -0.002304147465437788 -0.002577319587628866
0 0.001152073732718894 0.001288659793814433 -0.002304147465437788 -0.002577319587628866
0 0.2857142857142857 0.13015463917525774 0.04608294930875576 0.1211340206185567
0 0.3317972350230415 0.12886597938144329 0.04608294930875576 0.11855670103092783
0 0.001152073732718894 0.001288659793814433 -0.002304147465437788 -0.002577319587628866
0 0.001152073732718894 0.001288659793814433 -0.002304147465437788 -0.002577319587628866
0 0.001152073732718894 0.001288659793814433 -0.002304147465437788 -0.002577319587628866
0 0.001152073732718894 0.001288659793814433 -0.002304147465437788 -0.002577319587628866
0 0.33294930875576034 0.22809278350515463 0.06682027649769585 0.17268041237113402
0 0.2488479262672811 0.2306701030927835 0.06451612903225806 0.16237113402061856
0 0.22119815668202764 0.24742268041237114 0.06451612903225806 0.16494845360824742
0 0.20506912442396313 0.14304123711340205 0.05069124423963134 0.13659793814432988
0 0.35599078341013823 0.06829896907216494 0.03456221198156682 0.09020618556701031
