0 0.001152073732718894 0.001288659793814433 -0.002304147465437788 -0.002577319587628866
0 0.2672811059907834 0.2603092783505155 0.08294930875576037 0.21649484536082475
0 0.4596774193548387 0.26417525773195877 0.08064516129032258 0.21391752577319587
0 0.001152073732718894 0.001288659793814433 -0.002304147465437788 -0.002577319587628866
0 0.001152073732718894 0.001288659793814433 -0.002304147465437788 -0.002577319587628866
0 0.001152073732718894 0.001288659793814433 -0.002304147465437788 -0.002577319587628866
0 0.3283410138248848 0.27319587628865977 0.07142857142857142 0.19072164948453607
0 0.3882488479262673 0.2757731958762887 0.07603686635944701 0.1958762886597938
0 0.001152073732718894 0.001288659793814433 -0.002304147465437788 -0.002577319587628866
0 0.001152073732718894 0.001288659793814433 -0.002304147465437788 -0.002577319587628866
0 0.20046082949308755 0.2809278350515464 0.08294930875576037 0.21649484536082475
0 0.32027649769585254 0.6082474226804123 0.14285714285714285 0.24742268041237114
0 0.5622119815668203 0.6224226804123711 0.14285714285714285 0.22422680412371135
0 0.41359447004608296 0.6378865979381443 0.1543778801843318 0.18814432989690721
0 0.6808755760368663 0.6391752577319587 0.14055299539170507 0.18556701030927836
0 0.001152073732718894 0.001288659793814433 -0.002304147465437788 -0.002577319587628866
