0 0.0 0.0 0.0 0.0
0 0.25390625 0.390625 0.08667187500000001 0.26875
0 0.384375 0.39375 0.08734374999999997 0.2708333333333333
0 0.0 0.0 0.0 0.0
0 0.0 0.0 0.0 0.0
0 0.0 0.0 0.0 0.0
0 0.19375000000000003 0.1375 0.03762500000000002 0.11666666666666667
0 0.22890625 0.13854166666666667 0.03695312500000001 0.11458333333333333
0 0.0 0.0 0.0 0.0
0 0.0 0.0 0.0 0.0
0 0.0 0.0 0.0 0.0
0 0.17812499999999998 0.26145833333333335 0.057109374999999976 0.17708333333333334
0 0.290625 0.2635416666666667 0.058453124999999995 0.18125
0 0.24296875 0.2654632092198581 0.05297376994680847 0.16425975177304958
0 0.35000000000000003 0.2677083333333333 0.05173437500000003 0.16041666666666665
0 0.140625 0.07708333333333334 0.025531250000000005 0.07916666666666666
0 0.12265625000000001 0.06666666666666667 0.030906250000000003 0.09583333333333333
