0 0.2638248847926267 0.6095360824742267 0.1313364055299539 0.24484536082474226
0 0.2304147465437788 0.14690721649484537 0.05529953917050691 0.14432989690721648
0 0.3248847926267281 0.15077319587628865 0.05529953917050691 0.14690721649484537
0 0.3467741935483871 0.3711340206185567 0.08525345622119816 0.22164948453608246
0 0.24078341013824886 0.3788659793814433 0.0944700460829493 0.2422680412371134
0 0.2834101382488479 0.431701030927835 0.11059907834101382 0.2809278350515464
0 0.3675115207373272 0.5760309278350515 0.1359447004608295 0.30670103092783507
0 0.5288018433179723 0.5798969072164948 0.14516129032258066 0.30412371134020616
0 0.001152073732718894 0.001288659793814433 -0.002304147465437788 -0.002577319587628866
0 0.001152073732718894 0.001288659793814433 -0.002304147465437788 -0.002577319587628866
0 0.001152073732718894 0.001288659793814433 -0.002304147465437788 -0.002577319587628866
0 0.001152073732718894 0.001288659793814433 -0.002304147465437788 -0.002577319587628866
0 0.001152073732718894 0.001288659793814433 -0.002304147465437788 -0.002577319587628866
0 0.001152073732718894 0.001288659793814433 -0.002304147465437788 -0.002577319587628866
0 0.001152073732718894 0.001288659793814433 -0.002304147465437788 -0.002577319587628866
0 0.001152073732718894 0.001288659793814433 -0.002304147465437788 -0.002577319587628866
0 0.22580645161290322 0.05025773195876289 0.03686635944700461 0.09536082474226804
