0 0.001152073732718894 0.001288659793814433 -0.002304147465437788 -0.002577319587628866
0 0.3294930875576037 0.4149484536082474 0.1152073732718894 0.30412371134020616
0 0.521889400921659 0.42396907216494845 0.12211981566820276 0.3118556701030928
0 0.001152073732718894 0.001288659793814433 -0.002304147465437788 -0.002577319587628866
0 0.001152073732718894 0.001288659793814433 -0.002304147465437788 -0.002577319587628866
0 0.001152073732718894 0.001288659793814433 -0.002304147465437788 -0.002577319587628866
0 0.2672811059907834 0.18685567010309279 0.05529953917050691 0.14690721649484537
0 0.3352534562211982 0.18943298969072164 0.0576036866359447 0.14690721649484537
0 0.001152073732718894 0.001288659793814433 -0.002304147465437788 -0.002577319587628866
0 0.001152073732718894 0.001288659793814433 -0.002304147465437788 -0.002577319587628866
0 0.001152073732718894 0.001288659793814433 -0.002304147465437788 -0.002577319587628866
0 0.25806451612903225 0.37371134020618557 0.0967741935483871 0.24742268041237114
0 0.5288018433179723 0.37757731958762886 0.0944700460829493 0.25
0 0.43663594470046085 0.3853092783505155 0.08986175115207373 0.2345360824742268
0 0.6105990783410138 0.3801546391752577 0.08755760368663594 0.22938144329896906
0 0.2119815668202765 0.08505154639175258 0.03686635944700461 0.09278350515463918
