0 0.2868663594470046 0.5051546391752577 0.12211981566820276 0.31443298969072164
0 0.2523041474654378 0.12371134020618557 0.052995391705069124 0.13402061855670103
0 0.31105990783410137 0.12757731958762886 0.05069124423963134 0.13144329896907217
0 0.3225806451612903 0.30412371134020616 0.07834101382488479 0.20103092783505155
0 0.22119815668202764 0.3002577319587629 0.07834101382488479 0.20876288659793815
0 0.6002304147465438 0.5605670103092784 0.14055299539170507 0.3427835051546392
0 0.3778801843317972 0.654639175257732 0.14285714285714285 0.14948453608247422
0 0.5426267281105991 0.663659793814433 0.11290322580645161 0.14690721649484537
0 0.001152073732718894 0.001288659793814433 -0.002304147465437788 -0.002577319587628866
0 0.001152073732718894 0.001288659793814433 -0.002304147465437788 -0.002577319587628866
0 0.001152073732718894 0.001288659793814433 -0.002304147465437788 -0.002577319587628866
0 0.001152073732718894 0.001288659793814433 -0.002304147465437788 -0.002577319587628866
0 0.001152073732718894 0.001288659793814433 -0.002304147465437788 -0.002577319587628866
0 0.001152073732718894 0.001288659793814433 -0.002304147465437788 -0.002577319587628866
0 0.001152073732718894 0.001288659793814433 -0.002304147465437788 -0.002577319587628866
0 0.001152073732718894 0.001288659793814433 -0.002304147465437788 -0.002577319587628866
