0 0.5437500000000001 0.6916666666666667 0.22709374999999998 0.7041666666666666
0 0.37578125 0.684375 0.23985937499999999 0.74375
0 0.69140625 0.565625 0.16595312499999998 0.5145833333333333
0 0.8390625 0.5416666666666666 0.18409375000000008 0.5708333333333333
0 0.92890625 0.5541666666666667 0.1612500000000001 0.5
0 1.0328125000000001 0.5458333333333333 0.17603124999999997 0.5458333333333333
0 1.1265625000000001 0.5666666666666667 0.17065625000000006 0.5291666666666667
0 1.20546875 0.5666666666666667 0.17468749999999994 0.5416666666666666
0 1.315625 0.559375 0.18476562500000002 0.5729166666666666
0 1.609375 0.690879875886525 0.11908626994680845 0.36925975177305
0 1.4095098569193967 0.5298878205128202 0.1529807692307694 0.47435897435897467
