0 0.001152073732718894 0.001288659793814433 -0.002304147465437788 -0.002577319587628866
0 0.24423963133640553 0.17783505154639176 0.059907834101382486 0.15979381443298968
0 0.33755760368663595 0.18041237113402062 0.06221198156682028 0.16494845360824742
0 0.3652073732718894 0.5257731958762887 0.11290322580645161 0.29381443298969073
0 0.24078341013824886 0.529639175257732 0.12211981566820276 0.32216494845360827
0 0.23387096774193547 0.3711340206185567 0.09907834101382489 0.25773195876288657
0 0.45276497695852536 0.44329896907216493 0.10829493087557604 0.27835051546391754
0 0.5449308755760368 0.4368556701030928 0.09907834101382489 0.2603092783505155
0 0.5368663594470046 0.6739690721649484 0.12903225806451613 0.11082474226804123
0 0.5403225806451613 0.5605670103092784 0.12211981566820276 0.2757731958762887
0 0.001152073732718894 0.001288659793814433 -0.002304147465437788 -0.002577319587628866
0 0.001152073732718894 0.001288659793814433 -0.002304147465437788 -0.002577319587628866
0 0.001152073732718894 0.001288659793814433 -0.002304147465437788 -0.002577319587628866
0 0.001152073732718894 0.001288659793814433 -0.002304147465437788 -0.002577319587628866
0 0.001152073732718894 0.001288659793814433 -0.002304147465437788 -0.002577319587628866
0 0.29838709677419356 0.07345360824742268 0.03917050691244239 0.10051546391752578
