0 0.001152073732718894 0.001288659793814433 -0.002304147465437788 -0.002577319587628866
0 0.2465437788018433 0.21262886597938144 0.06912442396313365 0.18298969072164947
0 0.3836405529953917 0.211340206185567 0.07142857142857142 0.18041237113402062
0 0.43317972350230416 0.654639175257732 0.16129032258064516 0.14432989690721648
0 0.2730414746543779 0.6597938144329897 0.1497695852534562 0.14948453608247422
0 0.001152073732718894 0.001288659793814433 -0.002304147465437788 -0.002577319587628866
0 0.35599078341013823 0.35051546391752575 0.08986175115207373 0.23711340206185566
0 0.4470046082949309 0.3440721649484536 0.08755760368663594 0.22938144329896906
0 0.001152073732718894 0.001288659793814433 -0.002304147465437788 -0.002577319587628866
0 0.001152073732718894 0.001288659793814433 -0.002304147465437788 -0.002577319587628866
0 0.29723502304147464 0.4072164948453608 0.11059907834101382 0.28350515463917525
0 0.001152073732718894 0.001288659793814433 -0.002304147465437788 -0.002577319587628866
0 0.001152073732718894 0.001288659793814433 -0.002304147465437788 -0.002577319587628866
0 0.001152073732718894 0.001288659793814433 -0.002304147465437788 -0.002577319587628866
0 0.001152073732718894 0.001288659793814433 -0.002304147465437788 -0.002577319587628866
0 0.001152073732718894 0.001288659793814433 -0.002304147465437788 -0.002577319587628866
0 0.26152073732718895 0.07860824742268041 0.04377880184331797 0.11082474226804123
