0 0.29921875000000003 0.5135416666666667 0.092046875 0.28541666666666665
0 0.4078125 0.521875 0.10414062500000006 0.3229166666666667
0 0.45390625 0.503125 0.03829687499999999 0.11875
0 0.47265625 0.4947916666666667 0.03560937500000003 0.11041666666666666
0 0.52890625 0.5072916666666667 0.03157812499999997 0.09791666666666667
0 0.553125 0.503125 0.02351562500000002 0.07291666666666667
0 0.57421875 0.5041666666666667 0.030906249999999958 0.09583333333333333
0 0.60859375 0.5052083333333334 0.03695312499999997 0.11458333333333333
0 0.67734375 0.5197916666666667 0.04770312499999996 0.14791666666666667
0 0.7171875000000001 0.521875 0.10145312500000002 0.3145833333333333
0 0.7921875 0.5260416666666666 0.08532812499999994 0.26458333333333334
