0 0.0 0.0 0.0 0.0
0 0.22734375 0.33229166666666665 0.07726562499999999 0.23958333333333334
0 0.35390625000000003 0.334375 0.07860937500000001 0.24375
0 0.0 0.0 0.0 0.0
0 0.0 0.0 0.0 0.0
0 0.0 0.0 0.0 0.0
0 0.1796875 0.15104166666666666 0.03829687499999999 0.11875
0 0.2265625 0.15416666666666667 0.038968749999999996 0.12083333333333333
0 0.0 0.0 0.0 0.0
0 0.0 0.0 0.0 0.0
0 0.0 0.0 0.0 0.0
0 0.1703125 0.30416666666666664 0.06449999999999999 0.2
0 0.384375 0.3072916666666667 0.06517187500000002 0.20208333333333334
0 0.2921875 0.315625 0.062484375000000016 0.19375
0 0.41796875 0.315625 0.061140625 0.18958333333333333
0 0.1453125 0.06875 0.024187500000000008 0.075
