0 0.40156250000000004 0.509375 0.05845312500000004 0.18125
0 0.47500000000000003 0.509375 0.06382812500000004 0.19791666666666666
0 0.5640625 0.521875 0.066515625 0.20625
0 0.1796875 0.4947916666666667 0.061140625 0.18958333333333333
0 0.8546875 0.5375 0.08196875000000006 0.25416666666666665
0 0.9234375 0.5375 0.08196875000000006 0.25416666666666665
0 0.6265625 0.5114583333333333 0.03964062500000001 0.12291666666666666
0 0.24609375 0.5020833333333333 0.04568750000000002 0.14166666666666666
0 0.665625 0.525 0.052406250000000036 0.1625
0 0.34926609848484846 0.503169326241135 0.03773936170212764 0.11702127659574467
