0 0.05390625 0.5041666666666667 0.1046875 0.35
0 0.15781250000000002 0.49895833333333334 0.07500000000000001 0.23124999999999998
0 0.2390625 0.5020833333333333 0.043750000000000004 0.1375
0 0.2765625 0.5072916666666667 0.08750000000000001 0.26875
0 0.33828125000000003 0.5177083333333333 0.060937500000000006 0.18958333333333333
0 0.5593750000000001 0.53125 0.09375 0.2916666666666667
0 0.6109375 0.5052083333333334 0.0625 0.19375
0 0.77890625 0.5375 0.0890625 0.275
0 0.8328125000000001 0.5333333333333333 0.08750000000000001 0.275
0 0.49921875000000004 0.5020833333333333 0.0390625 0.11666666666666667
0 0.18984375 0.4947916666666667 0.045312500000000006 0.14375
0 0.4734375 0.5020833333333333 0.028125 0.09166666666666666
