0 0.0 0.0 0.0 0.0
0 0.0 0.0 0.0 0.0
0 0.0 0.0 0.0 0.0
0 0.0 0.0 0.0 0.0
0 0.0 0.0 0.0 0.0
0 0.0 0.0 0.0 0.0
0 0.13671875 0.07708333333333334 0.026875000000000007 0.08333333333333333
0 0.20390625 0.08229166666666667 0.028890625000000017 0.08958333333333333
0 0.0 0.0 0.0 0.0
0 0.0 0.0 0.0 0.0
0 0.0 0.0 0.0 0.0
0 0.0 0.0 0.0 0.0
0 0.0 0.0 0.0 0.0
0 0.0 0.0 0.0 0.0
0 0.0 0.0 0.0 0.0
0 0.15156250000000002 0.17083333333333334 0.04165625 0.12916666666666665
0 0.24278807814992032 0.05 0.02015625000000001 0.0625
0 0.0 0.0 0.0 0.0
0 0.0 0.0 0.0 0.0
0 0.28203125 0.4197916666666667 0.09339062499999998 0.2895833333333333
