0 0.27880184331797236 0.6739690721649484 0.1382488479262673 0.11082474226804123
0 0.24078341013824886 0.16108247422680413 0.06221198156682028 0.15721649484536082
0 0.31682027649769584 0.16623711340206185 0.06221198156682028 0.15721649484536082
0 0.37442396313364057 0.4368556701030928 0.0944700460829493 0.24484536082474226
0 0.2995391705069124 0.4420103092783505 0.10599078341013825 0.2706185567010309
0 0.20276497695852536 0.4252577319587629 0.11981566820276497 0.31443298969072164
0 0.402073732718894 0.5115979381443299 0.1175115207373272 0.30670103092783507
0 0.5172811059907834 0.5128865979381443 0.12211981566820276 0.31443298969072164
0 0.2511520737327189 0.625 0.11981566820276497 0.19329896907216496
0 0.14861751152073732 0.645618556701031 0.14516129032258066 0.16237113402061856
0 0.5069124423963134 0.6623711340206185 0.12903225806451613 0.13917525773195877
0 0.001152073732718894 0.001288659793814433 -0.002304147465437788 -0.002577319587628866
0 0.001152073732718894 0.001288659793814433 -0.002304147465437788 -0.002577319587628866
0 0.001152073732718894 0.001288659793814433 -0.002304147465437788 -0.002577319587628866
0 0.001152073732718894 0.001288659793814433 -0.002304147465437788 -0.002577319587628866
0 0.001152073732718894 0.001288659793814433 -0.002304147465437788 -0.002577319587628866
0 0.2857142857142857 0.06701030927835051 0.041474654377880185 0.10824742268041238
