0 0.001152073732718894 0.001288659793814433 -0.002304147465437788 -0.002577319587628866
0 0.24308755760368664 0.18556701030927836 0.06221198156682028 0.16494845360824742
0 0.3467741935483871 0.18556701030927836 0.06682027649769585 0.17010309278350516
0 0.3686635944700461 0.5618556701030928 0.11981566820276497 0.30927835051546393
0 0.22926267281105991 0.5631443298969072 0.12672811059907835 0.3324742268041237
0 0.1935483870967742 0.3685567010309278 0.10599078341013825 0.27319587628865977
0 0.44815668202764974 0.422680412371134 0.10368663594470046 0.26804123711340205
0 0.5311059907834101 0.4252577319587629 0.10368663594470046 0.26288659793814434
0 0.001152073732718894 0.001288659793814433 -0.002304147465437788 -0.002577319587628866
0 0.5264976958525346 0.5554123711340206 0.14055299539170507 0.3427835051546392
0 0.001152073732718894 0.001288659793814433 -0.002304147465437788 -0.002577319587628866
0 0.001152073732718894 0.001288659793814433 -0.002304147465437788 -0.002577319587628866
0 0.001152073732718894 0.001288659793814433 -0.002304147465437788 -0.002577319587628866
0 0.001152073732718894 0.001288659793814433 -0.002304147465437788 -0.002577319587628866
0 0.001152073732718894 0.001288659793814433 -0.002304147465437788 -0.002577319587628866
0 0.2960829493087558 0.07345360824742268 0.03917050691244239 0.10051546391752578
