0 0.925 0.5375 0.09003125000000001 0.2791666666666667
0 0.8125 0.54375 0.09675000000000003 0.3
0 0.6312500000000001 0.5229166666666667 0.0725625 0.225
0 0.578125 0.540625 0.09876562499999997 0.30625
0 0.33437500000000003 0.525 0.06853125000000003 0.2125
0 0.2625 0.5229166666666667 0.09809375000000001 0.30416666666666664
0 0.14375000000000002 0.509375 0.07860937500000001 0.24375
0 0.19296875000000002 0.5104166666666666 0.04568750000000002 0.14166666666666666
0 0.48281250000000003 0.515625 0.03292187499999999 0.10208333333333333
0 0.8381018241626794 0.5435948581560285 0.08165425531914892 0.25319148936170227
