0 0.0 0.0 0.0 0.0
0 0.0 0.0 0.0 0.0
0 0.0 0.0 0.0 0.0
0 0.45546875000000003 0.17615026595744682 0.026273171542553177 0.08146719858156028
0 0.0 0.0 0.0 0.0
0 0.0 0.0 0.0 0.0
0 0.0 0.0 0.0 0.0
0 0.5291610596092504 0.2752903368794326 0.038781482712765936 0.12025265957446815
0 0.5199200059808612 0.30625 0.042999999999999976 0.13333333333333333
0 0.0546875 0.28229166666666666 0.032921874999999996 0.10208333333333333
0 0.0 0.0 0.0 0.0
0 0.0 0.0 0.0 0.0
0 0.035937500000000004 0.2916666666666667 0.03359375 0.10416666666666667
