0 0.19296875000000002 0.6989583333333333 0.051562500000000004 0.15625
0 0.171875 0.7 0.046875 0.14166666666666666
0 0.15156250000000002 0.6989583333333333 0.05 0.15208333333333332
0 0.096875 0.7052083333333333 0.046875 0.14791666666666667
0 0.06796875000000001 0.7145833333333333 0.045312500000000006 0.14166666666666666
0 0.045312500000000006 0.69375 0.040625 0.125
0 0.022656250000000003 0.6958333333333333 0.0390625 0.12083333333333333
0 0.984375 0.684375 0.03125 0.09375
0 0.7265625 0.675 0.018750000000000003 0.058333333333333334
0 0.9765625 0.68125 0.03125 0.09583333333333333
