0 0.11018864633173844 0.5209330673758864 0.06292037898936172 0.19510195035460995
0 0.2609375 0.509375 0.04098437499999999 0.12708333333333333
0 0.2859375 0.5083333333333333 0.05240624999999999 0.1625
0 0.5441786034688996 0.5364250886524823 0.0396191821808511 0.12285017730496459
0 0.5756900667862839 0.5165226063829786 0.04559458111702126 0.14137854609929074
0 0.93345959180622 0.5083776595744681 0.07121875000000007 0.22083333333333333
0 0.9634879946670655 0.5261635638297872 0.07315575132978723 0.22683953900709225
0 0.42500000000000004 0.509375 0.030234375000000036 0.09375
0 0.19934584330143537 0.5148714539007092 0.03293617021276598 0.10212765957446818
0 0.17063770933014355 0.5138076241134751 0.03225 0.1
0 0.21928204744816587 0.508488475177305 0.0274468085106383 0.08510638297872337
0 0.3827589214513556 0.5042331560283688 0.03019148936170213 0.09361702127659571
0 0.6036520633971292 0.5042331560283687 0.03293617021276596 0.10212765957446805
