0 0.0 0.0 0.0 0.0
0 0.2265625 0.3458333333333333 0.08062500000000002 0.25
0 0.35703125 0.3572916666666667 0.08264062499999998 0.25625
0 0.0 0.0 0.0 0.0
0 0.0 0.0 0.0 0.0
0 0.0 0.0 0.0 0.0
0 0.18125000000000002 0.146875 0.03829687499999999 0.11875
0 0.2265625 0.14895833333333333 0.03829687499999999 0.11875
0 0.0 0.0 0.0 0.0
0 0.0 0.0 0.0 0.0
0 0.0 0.0 0.0 0.0
0 0.18046875 0.29375 0.061812500000000006 0.19166666666666665
0 0.3453125 0.2935926418439716 0.060570246010638276 0.18781471631205673
0 0.2890625 0.3 0.06046875000000003 0.1875
0 0.39609375 0.3 0.05912500000000001 0.18333333333333332
0 0.1421875 0.07083333333333333 0.024187500000000008 0.075
0 0.10877442185007975 0.0639051418439717 0.028890625000000003 0.08958333333333333
