0 0.27419354838709675 0.6237113402061856 0.14285714285714285 0.211340206185567
0 0.22465437788018433 0.15077319587628865 0.0576036866359447 0.14690721649484537
0 0.32373271889400923 0.15335051546391754 0.0576036866359447 0.14690721649484537
0 0.3629032258064516 0.4007731958762887 0.0944700460829493 0.24484536082474226
0 0.2707373271889401 0.3943298969072165 0.09907834101382489 0.25257731958762886
0 0.23387096774193547 0.43427835051546393 0.1175115207373272 0.3015463917525773
0 0.3847926267281106 0.5682989690721649 0.1336405529953917 0.32216494845360827
0 0.49193548387096775 0.5644329896907216 0.1313364055299539 0.32989690721649484
0 0.001152073732718894 0.001288659793814433 -0.002304147465437788 -0.002577319587628866
0 0.001152073732718894 0.001288659793814433 -0.002304147465437788 -0.002577319587628866
0 0.001152073732718894 0.001288659793814433 -0.002304147465437788 -0.002577319587628866
0 0.001152073732718894 0.001288659793814433 -0.002304147465437788 -0.002577319587628866
0 0.001152073732718894 0.001288659793814433 -0.002304147465437788 -0.002577319587628866
0 0.001152073732718894 0.001288659793814433 -0.002304147465437788 -0.002577319587628866
0 0.001152073732718894 0.001288659793814433 -0.002304147465437788 -0.002577319587628866
0 0.001152073732718894 0.001288659793814433 -0.002304147465437788 -0.002577319587628866
0 0.24308755760368664 0.055412371134020616 0.03456221198156682 0.09020618556701031
