0 0.22187500000000002 0.5416666666666666 0.06875 0.21666666666666667
0 0.33984375 0.5302083333333333 0.0578125 0.17708333333333334
0 0.40390625 0.5322916666666666 0.08281250000000001 0.2604166666666667
0 0.4921875 0.521875 0.034375 0.10625
0 0.53671875 0.528125 0.0390625 0.11875
0 0.690625 0.521875 0.037500000000000006 0.11458333333333333
0 0.721875 0.5135416666666667 0.037500000000000006 0.11458333333333333
0 0.8140625 0.5635416666666666 0.05625 0.17291666666666666
0 0.8375 0.5395833333333333 0.06875 0.2125
0 0.9453125 0.5322916666666666 0.1 0.30625
0 0.9617187500000001 0.515625 0.0765625 0.30625
