0 0.0 0.0 0.0 0.0
0 0.0 0.0 0.0 0.0
0 0.0 0.0 0.0 0.0
0 0.0 0.0 0.0 0.0
0 0.0 0.0 0.0 0.0
0 0.0 0.0 0.0 0.0
0 0.1640625 0.09270833333333334 0.03157812499999999 0.09791666666666667
0 0.21171875 0.09270833333333334 0.030234375000000015 0.09375
0 0.0 0.0 0.0 0.0
0 0.0 0.0 0.0 0.0
0 0.0 0.0 0.0 0.0
0 0.0 0.0 0.0 0.0
0 0.1703125 0.17291666666666666 0.04568749999999999 0.14166666666666666
0 0.0 0.0 0.0 0.0
0 0.0 0.0 0.0 0.0
0 0.13984375000000002 0.1375 0.0349375 0.10833333333333334
0 0.24200682814992033 0.05276152482269509 0.02082812500000002 0.06458333333333333
0 0.0 0.0 0.0 0.0
0 0.0 0.0 0.0 0.0
0 0.18906250000000002 0.31145833333333334 0.073234375 0.22708333333333333
