0 0.001152073732718894 0.001288659793814433 -0.002304147465437788 -0.002577319587628866
0 0.26497695852534564 0.24484536082474226 0.07834101382488479 0.20103092783505155
0 0.001152073732718894 0.001288659793814433 -0.002304147465437788 -0.002577319587628866
0 0.001152073732718894 0.001288659793814433 -0.002304147465437788 -0.002577319587628866
0 0.001152073732718894 0.001288659793814433 -0.002304147465437788 -0.002577319587628866
0 0.33410138248847926 0.2899484536082474 0.07834101382488479 0.2036082474226804
0 0.3974654377880184 0.28737113402061853 0.07603686635944701 0.2036082474226804
0 0.001152073732718894 0.001288659793814433 -0.002304147465437788 -0.002577319587628866
0 0.001152073732718894 0.001288659793814433 -0.002304147465437788 -0.002577319587628866
0 0.22004608294930875 0.30927835051546393 0.08525345622119816 0.2268041237113402
0 0.3652073732718894 0.654639175257732 0.14516129032258066 0.17010309278350516
0 0.6370967741935484 0.6623711340206185 0.1497695852534562 0.13917525773195877
0 0.47465437788018433 0.6855670103092784 0.12442396313364056 0.1134020618556701
0 0.7269585253456221 0.6752577319587628 0.12672811059907835 0.1134020618556701
0 0.001152073732718894 0.001288659793814433 -0.002304147465437788 -0.002577319587628866
0 0.4435483870967742 0.25773195876288657 0.08064516129032258 0.22164948453608246
