0 0.001152073732718894 0.001288659793814433 -0.002304147465437788 -0.002577319587628866
0 0.33410138248847926 0.384020618556701 0.11059907834101382 0.28350515463917525
0 0.5241935483870968 0.38917525773195877 0.11290322580645161 0.28865979381443296
0 0.001152073732718894 0.001288659793814433 -0.002304147465437788 -0.002577319587628866
0 0.001152073732718894 0.001288659793814433 -0.002304147465437788 -0.002577319587628866
0 0.001152073732718894 0.001288659793814433 -0.002304147465437788 -0.002577319587628866
0 0.2511520737327189 0.1958762886597938 0.059907834101382486 0.15463917525773196
0 0.33755760368663595 0.1958762886597938 0.0576036866359447 0.15463917525773196
0 0.001152073732718894 0.001288659793814433 -0.002304147465437788 -0.002577319587628866
0 0.001152073732718894 0.001288659793814433 -0.002304147465437788 -0.002577319587628866
0 0.001152073732718894 0.001288659793814433 -0.002304147465437788 -0.002577319587628866
0 0.25806451612903225 0.40463917525773196 0.0967741935483871 0.25257731958762886
0 0.6117511520737328 0.4059278350515464 0.10368663594470046 0.2706185567010309
0 0.4055299539170507 0.4162371134020618 0.09216589861751152 0.24484536082474226
0 0.6624423963133641 0.4149484536082474 0.08525345622119816 0.2268041237113402
0 0.22004608294930875 0.07860824742268041 0.03456221198156682 0.09020618556701031
