0 0.27968750000000003 0.4979166666666667 0.05375000000000001 0.16666666666666666
0 0.36640625000000004 0.503125 0.057109374999999976 0.17708333333333334
0 0.4375 0.496875 0.03157812499999997 0.09791666666666667
0 0.4797198963317385 0.4994126773049646 0.03806100398936163 0.11801861702127638
0 0.51015625 0.4979166666666667 0.04165625000000004 0.12916666666666665
0 0.54296875 0.5020833333333333 0.042999999999999976 0.13333333333333333
0 0.5828125000000001 0.5041666666666667 0.0833125 0.2583333333333333
0 0.63828125 0.54375 0.134375 0.4166666666666667
0 0.7234375000000001 0.5541666666666667 0.15856250000000005 0.49166666666666664
0 0.8578125000000001 0.6520833333333333 0.10749999999999993 0.3333333333333333
