0 0.31875000000000003 0.4197916666666667 0.05625 0.19791666666666666
0 0.3609375 0.41354166666666664 0.059375000000000004 0.19791666666666666
0 0.5 0.4083333333333333 0.065625 0.22916666666666666
0 0.12812500000000002 0.4322916666666667 0.03125 0.10625
0 0.25703125 0.41875 0.051562500000000004 0.1875
0 0.51171875 0.428125 0.0703125 0.23124999999999998
0 0.44140625 0.41562499999999997 0.0703125 0.26875
0 0.21796875000000002 0.42916666666666664 0.0328125 0.14166666666666666
0 0.46015625000000004 0.490625 0.1328125 0.41875
0 0.50703125 0.47812499999999997 0.11406250000000001 0.4145833333333333
0 0.703125 0.4 0.07500000000000001 0.24166666666666667
0 0.7742187500000001 0.409375 0.0546875 0.22708333333333333
0 0.06406250000000001 0.5166666666666666 0.125 0.5666666666666667
0 0.109375 0.4979166666666667 0.109375 0.5458333333333333
0 0.9304687500000001 0.4083333333333333 0.051562500000000004 0.20416666666666666
0 0.88984375 0.40520833333333334 0.06406250000000001 0.3145833333333333
0 0.94140625 0.428125 0.0671875 0.30625
0 0.9359375000000001 0.5677083333333334 0.12812500000000002 0.8645833333333334
0 0.6109375 0.403125 0.046875 0.15208333333333332
0 0.5828125000000001 0.409375 0.034375 0.13958333333333334
