0 0.001152073732718894 0.001288659793814433 -0.002304147465437788 -0.002577319587628866
0 0.24078341013824886 0.18685567010309279 0.06221198156682028 0.16752577319587628
0 0.3513824884792627 0.18943298969072164 0.06682027649769585 0.17268041237113402
0 0.37557603686635943 0.5760309278350515 0.11981566820276497 0.30670103092783507
0 0.23271889400921658 0.5695876288659794 0.1336405529953917 0.30927835051546393
0 0.1543778801843318 0.36082474226804123 0.10138248847926268 0.26288659793814434
0 0.43317972350230416 0.4097938144329897 0.10138248847926268 0.26288659793814434
0 0.5230414746543779 0.4175257731958763 0.10138248847926268 0.26288659793814434
0 0.001152073732718894 0.001288659793814433 -0.002304147465437788 -0.002577319587628866
0 0.001152073732718894 0.001288659793814433 -0.002304147465437788 -0.002577319587628866
0 0.4988479262672811 0.5463917525773195 0.14055299539170507 0.36597938144329895
0 0.001152073732718894 0.001288659793814433 -0.002304147465437788 -0.002577319587628866
0 0.001152073732718894 0.001288659793814433 -0.002304147465437788 -0.002577319587628866
0 0.001152073732718894 0.001288659793814433 -0.002304147465437788 -0.002577319587628866
0 0.001152073732718894 0.001288659793814433 -0.002304147465437788 -0.002577319587628866
0 0.001152073732718894 0.001288659793814433 -0.002304147465437788 -0.002577319587628866
0 0.29147465437788017 0.07474226804123711 0.03917050691244239 0.10309278350515463
