0 0.11328125 0.5 0.08600000000000002 0.26666666666666666
0 0.21953125 0.5020833333333333 0.069875 0.21666666666666667
0 0.2390625 0.5083333333333333 0.06853125000000003 0.2125
0 0.30781250000000004 0.5041666666666667 0.07390624999999998 0.22916666666666666
0 0.3765625 0.5083333333333333 0.07390624999999998 0.22916666666666666
0 0.47890625000000003 0.515625 0.020828124999999975 0.06458333333333333
0 0.48984375 0.4979166666666667 0.03224999999999998 0.1
0 0.50703125 0.5072916666666667 0.03292187499999999 0.10208333333333333
0 0.53359375 0.5208333333333334 0.02418750000000003 0.075
0 0.45859375 0.49895833333333334 0.02351562500000002 0.07291666666666667
0 0.42265625 0.490625 0.026203124999999973 0.08125
