0 0.11796875000000001 0.559375 0.2328125 0.88125
0 0.27109375 0.4927083333333333 0.051562500000000004 0.16458333333333333
0 0.31328125 0.5072916666666667 0.0484375 0.15208333333333332
0 0.43671875000000004 0.5166666666666666 0.09531250000000001 0.29583333333333334
0 0.51953125 0.528125 0.09531250000000001 0.29791666666666666
0 0.35390625000000003 0.50625 0.0328125 0.1
0 0.22968750000000002 0.490625 0.05625 0.16875
0 0.33203125 0.5052083333333334 0.0390625 0.12291666666666666
0 0.6257812500000001 0.528125 0.045312500000000006 0.13958333333333334
0 0.6742187500000001 0.53125 0.045312500000000006 0.14166666666666666
0 0.72421875 0.5364583333333334 0.08281250000000001 0.25625
