0 0.553125 0.5666666666666667 0.18006250000000001 0.5583333333333333
0 0.3671875 0.49374999999999997 0.11287500000000002 0.35
0 0.1953125 0.471875 0.11489062500000001 0.35625
0 0.26796875000000003 0.5260416666666666 0.092046875 0.28541666666666665
0 0.73203125 0.5207114361702129 0.1169848736702127 0.362743794326241
0 0.7859375000000001 0.55 0.12631249999999997 0.39166666666666666
0 0.88828125 0.5375 0.14109374999999993 0.4375
0 0.19068979266347688 0.5627437943262414 0.07822340425531911 0.24255319148936158
0 0.7152948066188197 0.4159352836879435 0.06312765957446809 0.1957446808510639
0 0.683396879984051 0.37763741134751805 0.04391489361702128 0.1361702127659574
0 0.6116265450558214 0.48614804964539027 0.10841489361702124 0.3361702127659574
0 0.8428865131578945 0.5329565602836882 0.10841489361702124 0.3361702127659574
