0 0.0 0.0 0.0 0.0
0 0.0 0.0 0.0 0.0
0 0.0 0.0 0.0 0.0
0 0.0 0.0 0.0 0.0
0 0.0 0.0 0.0 0.0
0 0.0 0.0 0.0 0.0
0 0.17500000000000002 0.09375 0.030906250000000003 0.09583333333333333
0 0.215625 0.09375 0.02956249999999998 0.09166666666666666
0 0.0 0.0 0.0 0.0
0 0.0 0.0 0.0 0.0
0 0.0 0.0 0.0 0.0
0 0.0 0.0 0.0 0.0
0 0.18515625000000002 0.17083333333333334 0.044343749999999994 0.1375
0 0.115625 0.18541666666666667 0.045687500000000006 0.14166666666666666
0 0.0 0.0 0.0 0.0
0 0.1421875 0.13229166666666667 0.034265625000000015 0.10625
0 0.2415040620015949 0.051041666666666666 0.02082812500000002 0.06458333333333333
0 0.0 0.0 0.0 0.0
0 0.0 0.0 0.0 0.0
0 0.15781250000000002 0.3020833333333333 0.07121875 0.22083333333333333
