0 0.12187500000000001 0.546875 0.10682812500000001 0.33125
0 0.2859375 0.5132424645390071 0.09089611037234038 0.281848404255319
0 0.321875 0.50625 0.069875 0.21666666666666667
0 0.4561852073365231 0.5146719858156029 0.044343749999999994 0.1375
0 0.506314792663477 0.5552083333333333 0.03560937500000003 0.11041666666666666
0 0.5300163040769538 0.5114583333333333 0.03829687499999999 0.11875
0 0.5609375 0.5260416666666666 0.05710937500000002 0.17708333333333334
0 0.6507812500000001 0.5270833333333333 0.07121874999999998 0.22083333333333333
0 0.7156250000000001 0.56875 0.04971874999999999 0.15416666666666667
0 0.6843750000000001 0.515625 0.053078125000000045 0.16458333333333333
0 0.7523437500000001 0.5270833333333333 0.05106250000000001 0.15833333333333333
0 0.853125 0.5291666666666667 0.052406249999999946 0.1625
0 0.9328125 0.5261857269503547 0.07179770611702115 0.22262854609929061
0 0.5127429724880382 0.5180629432624115 0.03636702127659568 0.11276595744680845
