0 0.11221590909090909 0.3940972222222222 0.07102272727272728 0.30902777777777773
0 0.19886363636363638 0.43402777777777773 0.0625 0.3263888888888889
0 0.2755681818181818 0.4618055555555555 0.05113636363636364 0.35416666666666663
0 0.2997159090909091 0.2743055555555555 0.05397727272727273 0.13194444444444445
0 0.34375 0.4427083333333333 0.08522727272727273 0.34375
0 0.3991477272727273 0.38541666666666663 0.07102272727272728 0.35416666666666663
0 0.4545454545454546 0.4114583333333333 0.08522727272727273 0.23263888888888887
0 0.48295454545454547 0.3663194444444444 0.0625 0.23958333333333331
0 0.5596590909090909 0.41666666666666663 0.05681818181818182 0.34027777777777773
0 0.6278409090909091 0.4149305555555555 0.06818181818181818 0.3506944444444444
0 0.4559659090909091 0.5815972222222222 0.08238636363636363 0.4131944444444444
0 0.6960227272727273 0.6388888888888888 0.09659090909090909 0.41666666666666663
