0 0.001152073732718894 0.001288659793814433 -0.002304147465437788 -0.002577319587628866
0 0.28456221198156684 0.2912371134020619 0.08986175115207373 0.23195876288659795
0 0.45506912442396313 0.297680412371134 0.08986175115207373 0.2345360824742268
0 0.001152073732718894 0.001288659793814433 -0.002304147465437788 -0.002577319587628866
0 0.001152073732718894 0.001288659793814433 -0.002304147465437788 -0.002577319587628866
0 0.001152073732718894 0.001288659793814433 -0.002304147465437788 -0.002577319587628866
0 0.32027649769585254 0.24097938144329897 0.06912442396313365 0.18298969072164947
0 0.3813364055299539 0.24097938144329897 0.06682027649769585 0.17783505154639176
0 0.001152073732718894 0.001288659793814433 -0.002304147465437788 -0.002577319587628866
0 0.001152073732718894 0.001288659793814433 -0.002304147465437788 -0.002577319587628866
0 0.1728110599078341 0.23582474226804123 0.07373271889400922 0.18814432989690721
0 0.315668202764977 0.5670103092783505 0.14285714285714285 0.31958762886597936
0 0.5299539170506913 0.5670103092783505 0.1336405529953917 0.3247422680412371
0 0.41013824884792627 0.5850515463917526 0.12442396313364056 0.30927835051546393
0 0.631336405529954 0.5837628865979382 0.11981566820276497 0.2912371134020619
0 0.21658986175115208 0.07474226804123711 0.041474654377880185 0.10824742268041238
