0 0.001152073732718894 0.001288659793814433 -0.002304147465437788 -0.002577319587628866
0 0.23732718894009217 0.1958762886597938 0.06912442396313365 0.17525773195876287
0 0.3663594470046083 0.1958762886597938 0.06912442396313365 0.17525773195876287
0 0.39400921658986177 0.6030927835051546 0.14285714285714285 0.24742268041237114
0 0.2764976958525346 0.5966494845360825 0.1382488479262673 0.2603092783505155
0 0.001152073732718894 0.001288659793814433 -0.002304147465437788 -0.002577319587628866
0 0.3986175115207373 0.37628865979381443 0.09216589861751152 0.2422680412371134
0 0.4930875576036866 0.3801546391752577 0.0967741935483871 0.2551546391752577
0 0.001152073732718894 0.001288659793814433 -0.002304147465437788 -0.002577319587628866
0 0.001152073732718894 0.001288659793814433 -0.002304147465437788 -0.002577319587628866
0 0.41589861751152074 0.4690721649484536 0.1175115207373272 0.29896907216494845
0 0.001152073732718894 0.001288659793814433 -0.002304147465437788 -0.002577319587628866
0 0.001152073732718894 0.001288659793814433 -0.002304147465437788 -0.002577319587628866
0 0.001152073732718894 0.001288659793814433 -0.002304147465437788 -0.002577319587628866
0 0.001152073732718894 0.001288659793814433 -0.002304147465437788 -0.002577319587628866
0 0.001152073732718894 0.001288659793814433 -0.002304147465437788 -0.002577319587628866
0 0.29377880184331795 0.07603092783505154 0.03917050691244239 0.1056701030927835
