0 0.2638248847926267 0.5850515463917526 0.1543778801843318 0.28350515463917525
0 0.23963133640552994 0.14175257731958762 0.05529953917050691 0.14432989690721648
0 0.3271889400921659 0.14304123711340205 0.05529953917050691 0.14175257731958762
0 0.3317972350230415 0.3556701030927835 0.08294930875576037 0.211340206185567
0 0.23271889400921658 0.35695876288659795 0.09216589861751152 0.23969072164948454
0 0.33986175115207373 0.4652061855670103 0.12211981566820276 0.3118556701030928
0 0.3870967741935484 0.5979381443298969 0.14746543778801843 0.26804123711340205
0 0.5495391705069125 0.5927835051546392 0.1497695852534562 0.27319587628865977
0 0.001152073732718894 0.001288659793814433 -0.002304147465437788 -0.002577319587628866
0 0.001152073732718894 0.001288659793814433 -0.002304147465437788 -0.002577319587628866
0 0.001152073732718894 0.001288659793814433 -0.002304147465437788 -0.002577319587628866
0 0.001152073732718894 0.001288659793814433 -0.002304147465437788 -0.002577319587628866
0 0.001152073732718894 0.001288659793814433 -0.002304147465437788 -0.002577319587628866
0 0.001152073732718894 0.001288659793814433 -0.002304147465437788 -0.002577319587628866
0 0.001152073732718894 0.001288659793814433 -0.002304147465437788 -0.002577319587628866
0 0.001152073732718894 0.001288659793814433 -0.002304147465437788 -0.002577319587628866
0 0.21313364055299538 0.059278350515463915 0.03917050691244239 0.10309278350515463
