0 0.2684331797235023 0.6108247422680412 0.1359447004608295 0.23195876288659795
0 0.23387096774193547 0.1481958762886598 0.0576036866359447 0.14690721649484537
0 0.32373271889400923 0.15077319587628865 0.0576036866359447 0.14690721649484537
0 0.35023041474654376 0.375 0.08294930875576037 0.21391752577319587
0 0.24193548387096775 0.3788659793814433 0.09216589861751152 0.2422680412371134
0 0.271889400921659 0.4381443298969072 0.1152073732718894 0.29381443298969073
0 0.37442396313364057 0.5747422680412371 0.1359447004608295 0.30412371134020616
0 0.5230414746543779 0.5786082474226804 0.1336405529953917 0.30670103092783507
0 0.001152073732718894 0.001288659793814433 -0.002304147465437788 -0.002577319587628866
0 0.001152073732718894 0.001288659793814433 -0.002304147465437788 -0.002577319587628866
0 0.001152073732718894 0.001288659793814433 -0.002304147465437788 -0.002577319587628866
0 0.001152073732718894 0.001288659793814433 -0.002304147465437788 -0.002577319587628866
0 0.001152073732718894 0.001288659793814433 -0.002304147465437788 -0.002577319587628866
0 0.001152073732718894 0.001288659793814433 -0.002304147465437788 -0.002577319587628866
0 0.001152073732718894 0.001288659793814433 -0.002304147465437788 -0.002577319587628866
0 0.001152073732718894 0.001288659793814433 -0.002304147465437788 -0.002577319587628866
0 0.2269585253456221 0.05283505154639175 0.03456221198156682 0.09020618556701031
