0 0.0 0.0 0.0 0.0
0 0.2515625 0.39375 0.08868749999999999 0.275
0 0.39062500000000006 0.40520833333333334 0.09204687500000004 0.28541666666666665
0 0.0 0.0 0.0 0.0
0 0.0 0.0 0.0 0.0
0 0.0 0.0 0.0 0.0
0 0.1921875 0.13645833333333332 0.03695312499999999 0.11458333333333333
0 0.23046875 0.13645833333333332 0.03560937499999999 0.11041666666666666
0 0.0 0.0 0.0 0.0
0 0.0 0.0 0.0 0.0
0 0.0 0.0 0.0 0.0
0 0.16640625 0.25416666666666665 0.05643750000000001 0.175
0 0.2890625 0.25729166666666664 0.057109374999999976 0.17708333333333334
0 0.23828125 0.25650044326241134 0.049880285904255306 0.1546675531914893
0 0.33125000000000004 0.2625 0.05240624999999999 0.1625
0 0.13828125 0.07916666666666666 0.025531250000000005 0.07916666666666666
0 0.12890625 0.06666666666666667 0.030906250000000003 0.09583333333333333
