0 0.1612624912779107 0.509375 0.11085937500000004 0.34375
0 0.21484375 0.5083333333333333 0.11690624999999999 0.3625
0 0.30546875 0.490625 0.034265625000000015 0.10625
0 0.33046875000000003 0.490625 0.03964062500000001 0.12291666666666666
0 0.38203125000000004 0.515625 0.027546874999999995 0.08541666666666667
0 0.403125 0.4979166666666667 0.038968750000000045 0.12083333333333333
0 0.45625000000000004 0.4979166666666667 0.044343749999999994 0.1375
0 0.4890625 0.5197916666666667 0.030234375000000036 0.09375
0 0.56875 0.49583333333333335 0.04031250000000002 0.125
0 0.5875 0.4979166666666667 0.04165625000000004 0.12916666666666665
0 0.63671875 0.4979166666666667 0.038968749999999996 0.12083333333333333
