0 0.0 0.0 0.0 0.0
0 0.0 0.0 0.0 0.0
0 0.0 0.0 0.0 0.0
0 0.0 0.0 0.0 0.0
0 0.0 0.0 0.0 0.0
0 0.0 0.0 0.0 0.0
0 0.14200682814992024 0.0798448581560283 0.027546874999999995 0.08541666666666667
0 0.20234375000000002 0.08541666666666667 0.028218750000000004 0.0875
0 0.0 0.0 0.0 0.0
0 0.0 0.0 0.0 0.0
0 0.0 0.0 0.0 0.0
0 0.0 0.0 0.0 0.0
0 0.0 0.0 0.0 0.0
0 0.0 0.0 0.0 0.0
0 0.0 0.0 0.0 0.0
0 0.1484375 0.15833333333333333 0.038968749999999996 0.12083333333333333
0 0.2438696172248804 0.04828014184397169 0.02015625000000001 0.0625
0 0.0 0.0 0.0 0.0
0 0.0 0.0 0.0 0.0
0 0.25 0.38645833333333335 0.089359375 0.27708333333333335
