0 0.27265625 0.5010416666666666 0.07457812499999998 0.23124999999999998
0 0.39687500000000003 0.5083333333333333 0.07928125000000003 0.24583333333333332
0 0.465625 0.4895833333333333 0.030906249999999958 0.09583333333333333
0 0.49609375 0.4875 0.03359375 0.10416666666666667
0 0.56171875 0.49166666666666664 0.03359375 0.10416666666666667
0 0.59921875 0.4947916666666667 0.07054687499999997 0.21875
0 0.6273437500000001 0.5010416666666666 0.04770312499999996 0.14791666666666667
0 0.7055659389952154 0.5072805851063831 0.06921027260638297 0.21460549645390056
0 0.74765625 0.49895833333333334 0.045015625000000004 0.13958333333333334
0 0.8759756279904306 0.5199246453900708 0.10682812500000001 0.33125
0 0.9680858751993621 0.5127437943262413 0.06449999999999996 0.2
