0 0.0 0.0 0.0 0.0
0 0.16562500000000002 0.15 0.043 0.13333333333333333
0 0.23593750000000002 0.15 0.044343749999999994 0.1375
0 0.26015625000000003 0.4583333333333333 0.0833125 0.2583333333333333
0 0.15781250000000002 0.4663275709219858 0.08981253324468082 0.2784884751773049
0 0.12109375 0.296875 0.07189062499999999 0.22291666666666665
0 0.3046875 0.340625 0.07054687500000001 0.21875
0 0.3593407346491228 0.34328235815602837 0.0682296210106383 0.21156471631205667
0 0.0 0.0 0.0 0.0
0 0.34840946471291867 0.4571343085106383 0.09463287898936171 0.29343528368794325
0 0.0 0.0 0.0 0.0
0 0.0 0.0 0.0 0.0
0 0.0 0.0 0.0 0.0
0 0.0 0.0 0.0 0.0
0 0.0 0.0 0.0 0.0
0 0.20078125000000002 0.059375 0.026203124999999994 0.08125
