0 0.065625 0.509375 0.12812500000000002 0.49374999999999997
0 0.146875 0.49374999999999997 0.1 0.3125
0 0.31796875 0.5114583333333333 0.07968750000000001 0.24375
0 0.3609375 0.4979166666666667 0.037500000000000006 0.12083333333333333
0 0.4140625 0.496875 0.034375 0.11041666666666666
0 0.45 0.4979166666666667 0.037500000000000006 0.12083333333333333
0 0.48515625 0.546875 0.0421875 0.12708333333333333
0 0.49296875 0.4947916666666667 0.029687500000000002 0.09375
0 0.51953125 0.5135416666666667 0.06406250000000001 0.20208333333333334
0 0.56484375 0.5239583333333333 0.08281250000000001 0.2604166666666667
0 0.6156250000000001 0.5072916666666667 0.0625 0.19375
0 0.640625 0.5677083333333334 0.0625 0.18958333333333333
0 0.6898437500000001 0.5291666666666667 0.0484375 0.15416666666666667
0 0.7515625 0.5197916666666667 0.065625 0.20625
0 0.9375 0.5291666666666667 0.07187500000000001 0.225
