0 0.001152073732718894 0.001288659793814433 -0.002304147465437788 -0.002577319587628866
0 0.4055299539170507 0.5515463917525774 0.14285714285714285 0.36597938144329895
0 0.6278801843317973 0.5515463917525774 0.1497695852534562 0.35051546391752575
0 0.001152073732718894 0.001288659793814433 -0.002304147465437788 -0.002577319587628866
0 0.001152073732718894 0.001288659793814433 -0.002304147465437788 -0.002577319587628866
0 0.001152073732718894 0.001288659793814433 -0.002304147465437788 -0.002577319587628866
0 0.2857142857142857 0.1559278350515464 0.05069124423963134 0.13659793814432988
0 0.33986175115207373 0.15463917525773196 0.052995391705069124 0.13402061855670103
0 0.001152073732718894 0.001288659793814433 -0.002304147465437788 -0.002577319587628866
0 0.001152073732718894 0.001288659793814433 -0.002304147465437788 -0.002577319587628866
0 0.001152073732718894 0.001288659793814433 -0.002304147465437788 -0.002577319587628866
0 0.24193548387096775 0.28350515463917525 0.07373271889400922 0.1958762886597938
0 0.391705069124424 0.28350515463917525 0.07373271889400922 0.1958762886597938
0 0.3317972350230415 0.2912371134020619 0.07373271889400922 0.19072164948453607
0 0.4447004608294931 0.2899484536082474 0.06912442396313365 0.17783505154639176
0 0.19470046082949308 0.1056701030927835 0.03917050691244239 0.10309278350515463
0 0.2569124423963134 0.07860824742268041 0.04377880184331797 0.11082474226804123
