0 0.001152073732718894 0.001288659793814433 -0.002304147465437788 -0.002577319587628866
0 0.2730414746543779 0.2693298969072165 0.08064516129032258 0.21391752577319587
0 0.4573732718894009 0.2693298969072165 0.08525345622119816 0.2190721649484536
0 0.001152073732718894 0.001288659793814433 -0.002304147465437788 -0.002577319587628866
0 0.001152073732718894 0.001288659793814433 -0.002304147465437788 -0.002577319587628866
0 0.001152073732718894 0.001288659793814433 -0.002304147465437788 -0.002577319587628866
0 0.3294930875576037 0.2654639175257732 0.07373271889400922 0.19072164948453607
0 0.3824884792626728 0.2693298969072165 0.07373271889400922 0.19329896907216496
0 0.001152073732718894 0.001288659793814433 -0.002304147465437788 -0.002577319587628866
0 0.001152073732718894 0.001288659793814433 -0.002304147465437788 -0.002577319587628866
0 0.19815668202764977 0.27190721649484534 0.08294930875576037 0.21391752577319587
0 0.33755760368663595 0.6108247422680412 0.1543778801843318 0.2422680412371134
0 0.5552995391705069 0.6121134020618556 0.15668202764976957 0.2345360824742268
0 0.423963133640553 0.6301546391752577 0.14285714285714285 0.2036082474226804
0 0.6797235023041475 0.6301546391752577 0.15668202764976957 0.19845360824742267
0 0.001152073732718894 0.001288659793814433 -0.002304147465437788 -0.002577319587628866
