0 0.0 0.0 0.0 0.0
0 0.21656511662679426 0.28020833333333334 0.06382812500000001 0.19791666666666666
0 0.34453125 0.2895833333333333 0.069875 0.21666666666666667
0 0.0 0.0 0.0 0.0
0 0.0 0.0 0.0 0.0
0 0.0 0.0 0.0 0.0
0 0.171875 0.16770833333333332 0.04232812500000001 0.13125
0 0.23828125 0.16458333333333333 0.04031250000000002 0.125
0 0.0 0.0 0.0 0.0
0 0.0 0.0 0.0 0.0
0 0.0 0.0 0.0 0.0
0 0.20078125000000002 0.3677083333333333 0.07592187499999999 0.23541666666666666
0 0.37031250000000004 0.375 0.07928125000000003 0.24583333333333332
0 0.26015625000000003 0.375 0.07121875000000003 0.22083333333333333
0 0.4437132426236044 0.3729166666666667 0.0671875 0.20833333333333334
0 0.1484375 0.057291666666666664 0.022171874999999997 0.06875
