0 0.001152073732718894 0.001288659793814433 -0.002304147465437788 -0.002577319587628866
0 0.3191244239631336 0.35695876288659795 0.10368663594470046 0.2654639175257732
0 0.5195852534562212 0.36082474226804123 0.09907834101382489 0.26288659793814434
0 0.001152073732718894 0.001288659793814433 -0.002304147465437788 -0.002577319587628866
0 0.001152073732718894 0.001288659793814433 -0.002304147465437788 -0.002577319587628866
0 0.001152073732718894 0.001288659793814433 -0.002304147465437788 -0.002577319587628866
0 0.2523041474654378 0.20489690721649484 0.06221198156682028 0.16237113402061856
0 0.3490783410138249 0.20489690721649484 0.0576036866359447 0.15206185567010308
0 0.001152073732718894 0.001288659793814433 -0.002304147465437788 -0.002577319587628866
0 0.001152073732718894 0.001288659793814433 -0.002304147465437788 -0.002577319587628866
0 0.001152073732718894 0.001288659793814433 -0.002304147465437788 -0.002577319587628866
0 0.29723502304147464 0.4420103092783505 0.10599078341013825 0.2757731958762887
0 0.5460829493087558 0.4471649484536082 0.1152073732718894 0.2963917525773196
0 0.3824884792626728 0.45618556701030927 0.10599078341013825 0.27319587628865977
0 0.6486175115207373 0.4574742268041237 0.09907834101382489 0.2603092783505155
0 0.21774193548387097 0.07087628865979381 0.03456221198156682 0.08505154639175258
