0 0.1765625 0.5197916666666667 0.098765625 0.30625
0 0.309375 0.4947916666666667 0.08264062499999998 0.25625
0 0.34375 0.48854166666666665 0.063828125 0.19791666666666666
0 0.46953125 0.4979166666666667 0.038968749999999996 0.12083333333333333
0 0.5078125 0.5385416666666667 0.03560937500000003 0.11041666666666666
0 0.5203125000000001 0.49583333333333335 0.04031250000000002 0.125
0 0.5609375 0.5072916666666667 0.055765625 0.17291666666666666
0 0.64765625 0.515625 0.06920312500000003 0.21458333333333332
0 0.6781250000000001 0.5020833333333333 0.04971874999999999 0.15416666666666667
0 0.7046875 0.5520833333333334 0.048374999999999974 0.15
0 0.8304687500000001 0.5145833333333333 0.04703125000000004 0.14583333333333334
0 0.8796875000000001 0.5125554078014185 0.06849551196808505 0.21238918439716295
0 0.5867187500000001 0.5083333333333333 0.034937500000000024 0.10833333333333334
