0 0.34173601350677835 0.5182070035460993 0.04469398271276592 0.13858599290780138
0 0.37433398749003194 0.5118240248226951 0.048811003989361716 0.15135195035460997
0 0.4109375 0.5 0.038968750000000045 0.12083333333333333
0 0.5390625 0.5104166666666666 0.09943749999999998 0.30833333333333335
0 0.62421875 0.5260416666666666 0.10145312500000002 0.3145833333333333
0 0.10546875 0.4979166666666667 0.07525 0.23333333333333334
0 0.7078448963317385 0.5239583333333333 0.04770312499999996 0.14791666666666667
0 0.25234375000000003 0.5114583333333333 0.03560937499999999 0.11041666666666666
0 0.19687500000000002 0.5114583333333333 0.03695312499999999 0.11458333333333333
0 0.9425675338915472 0.5255097517730496 0.10018085106382985 0.3106382978723405
0 0.8811640251196174 0.5138076241134751 0.08851595744680854 0.274468085106383
0 0.8484686503189792 0.534020390070922 0.03842553191489362 0.11914893617021273
0 0.8125834828548645 0.5265735815602838 0.03636702127659568 0.11276595744680856
