0 0.8578125000000001 0.5427083333333333 0.284375 0.9145833333333333
0 0.946875 0.5770833333333333 0.10625000000000001 0.5083333333333333
0 0.68125 0.521875 0.040625 0.13125
0 0.56171875 0.525 0.0546875 0.17083333333333334
0 0.10859375 0.49895833333333334 0.0390625 0.11875
0 0.026562500000000003 0.4979166666666667 0.037500000000000006 0.1125
0 0.49765625 0.5135416666666667 0.0390625 0.11875
0 0.48984375 0.5125 0.035937500000000004 0.1125
0 0.52265625 0.5229166666666667 0.0328125 0.1
0 0.6117187500000001 0.5197916666666667 0.0234375 0.07291666666666667
