0 0.0 0.0 0.0 0.0
0 0.0 0.0 0.0 0.0
0 0.0 0.0 0.0 0.0
0 0.0 0.0 0.0 0.0
0 0.0 0.0 0.0 0.0
0 0.0 0.0 0.0 0.0
0 0.1423071172248804 0.0798448581560283 0.027546874999999995 0.08541666666666667
0 0.20078125000000002 0.08541666666666667 0.028218750000000004 0.0875
0 0.0 0.0 0.0 0.0
0 0.0 0.0 0.0 0.0
0 0.0 0.0 0.0 0.0
0 0.0 0.0 0.0 0.0
0 0.0 0.0 0.0 0.0
0 0.0 0.0 0.0 0.0
0 0.0 0.0 0.0 0.0
0 0.14921875 0.16145833333333334 0.04098437500000001 0.12708333333333333
0 0.24278807814992032 0.05 0.02015625000000001 0.0625
0 0.0 0.0 0.0 0.0
0 0.0 0.0 0.0 0.0
0 0.25546875 0.3927083333333333 0.09070312499999998 0.28125
