0 0.0 0.0 0.0 0.0
0 0.26328125 0.40520833333333334 0.09070312499999998 0.28125
0 0.40859375000000003 0.41875 0.09271875000000002 0.2875
0 0.0 0.0 0.0 0.0
0 0.0 0.0 0.0 0.0
0 0.0 0.0 0.0 0.0
0 0.19140625 0.134375 0.03695312499999999 0.11458333333333333
0 0.22968750000000002 0.134375 0.03560937499999999 0.11041666666666666
0 0.0 0.0 0.0 0.0
0 0.0 0.0 0.0 0.0
0 0.0 0.0 0.0 0.0
0 0.16328125000000002 0.25416666666666665 0.05643750000000001 0.175
0 0.27578125000000003 0.24895833333333334 0.055765625 0.17291666666666666
0 0.22890625 0.25625 0.05375000000000001 0.16666666666666666
0 0.321875 0.25625 0.05106250000000001 0.15833333333333333
0 0.1375 0.07916666666666666 0.025531250000000005 0.07916666666666666
0 0.14140625 0.065625 0.030234375000000015 0.09375
