0 0.2625 0.53125 0.07928125000000003 0.24583333333333332
0 0.33906250000000004 0.5135416666666667 0.06785937500000001 0.21041666666666667
0 0.353125 0.5072916666666667 0.055765625 0.17291666666666666
0 0.4875647926634769 0.5115026595744682 0.03964062500000001 0.12291666666666666
0 0.5125000000000001 0.5100066489361703 0.031170711436170163 0.09665336879432604
0 0.5203125000000001 0.5510416666666667 0.03292187499999999 0.10208333333333333
0 0.5484698963317384 0.521875 0.05173437500000003 0.16041666666666665
0 0.6236951193680224 0.5197916666666667 0.061140625 0.18958333333333333
0 0.677514497358453 0.553125 0.12564062500000003 0.38958333333333334
0 0.78125 0.5239583333333333 0.06114062500000009 0.18958333333333333
0 0.4546875 0.509375 0.027546874999999995 0.08541666666666667
