0 0.2695852534562212 0.625 0.15207373271889402 0.20876288659793815
0 0.2269585253456221 0.15206185567010308 0.0576036866359447 0.14948453608247422
0 0.32373271889400923 0.15335051546391754 0.0576036866359447 0.14690721649484537
0 0.358294930875576 0.3943298969072165 0.08986175115207373 0.23195876288659795
0 0.25806451612903225 0.3994845360824742 0.10138248847926268 0.26288659793814434
0 0.23847926267281105 0.43943298969072164 0.12211981566820276 0.3118556701030928
0 0.3836405529953917 0.5644329896907216 0.1359447004608295 0.3247422680412371
0 0.49193548387096775 0.5682989690721649 0.1359447004608295 0.32216494845360827
0 0.001152073732718894 0.001288659793814433 -0.002304147465437788 -0.002577319587628866
0 0.001152073732718894 0.001288659793814433 -0.002304147465437788 -0.002577319587628866
0 0.001152073732718894 0.001288659793814433 -0.002304147465437788 -0.002577319587628866
0 0.001152073732718894 0.001288659793814433 -0.002304147465437788 -0.002577319587628866
0 0.001152073732718894 0.001288659793814433 -0.002304147465437788 -0.002577319587628866
0 0.001152073732718894 0.001288659793814433 -0.002304147465437788 -0.002577319587628866
0 0.001152073732718894 0.001288659793814433 -0.002304147465437788 -0.002577319587628866
0 0.001152073732718894 0.001288659793814433 -0.002304147465437788 -0.002577319587628866
0 0.23847926267281105 0.05670103092783505 0.03917050691244239 0.10309278350515463
