0 0.23963133640552994 0.16623711340206185 0.059907834101382486 0.15721649484536082
0 0.3248847926267281 0.16752577319587628 0.059907834101382486 0.15979381443298968
0 0.3675115207373272 0.4639175257731959 0.10368663594470046 0.26804123711340205
0 0.28225806451612906 0.4587628865979381 0.10829493087557604 0.28350515463917525
0 0.20967741935483872 0.42010309278350516 0.1152073732718894 0.30412371134020616
0 0.41705069124423966 0.4935567010309278 0.1152073732718894 0.3015463917525773
0 0.5380184331797235 0.5012886597938144 0.12211981566820276 0.3170103092783505
0 0.36981566820276496 0.6353092783505154 0.1313364055299539 0.18298969072164947
0 0.22926267281105991 0.6494845360824743 0.1313364055299539 0.15463917525773196
0 0.5311059907834101 0.6417525773195876 0.14055299539170507 0.18556701030927836
0 0.001152073732718894 0.001288659793814433 -0.002304147465437788 -0.002577319587628866
0 0.001152073732718894 0.001288659793814433 -0.002304147465437788 -0.002577319587628866
0 0.001152073732718894 0.001288659793814433 -0.002304147465437788 -0.002577319587628866
0 0.001152073732718894 0.001288659793814433 -0.002304147465437788 -0.002577319587628866
0 0.001152073732718894 0.001288659793814433 -0.002304147465437788 -0.002577319587628866
0 0.29493087557603687 0.06443298969072164 0.041474654377880185 0.1134020618556701
