0 0.001152073732718894 0.001288659793814433 -0.002304147465437788 -0.002577319587628866
0 0.4988479262672811 0.6868556701030928 0.1359447004608295 0.09536082474226804
0 0.001152073732718894 0.001288659793814433 -0.002304147465437788 -0.002577319587628866
0 0.001152073732718894 0.001288659793814433 -0.002304147465437788 -0.002577319587628866
0 0.001152073732718894 0.001288659793814433 -0.002304147465437788 -0.002577319587628866
0 0.2834101382488479 0.12371134020618557 0.04608294930875576 0.11855670103092783
0 0.32373271889400923 0.12757731958762886 0.04377880184331797 0.11597938144329897
0 0.001152073732718894 0.001288659793814433 -0.002304147465437788 -0.002577319587628866
0 0.001152073732718894 0.001288659793814433 -0.002304147465437788 -0.002577319587628866
0 0.001152073732718894 0.001288659793814433 -0.002304147465437788 -0.002577319587628866
0 0.001152073732718894 0.001288659793814433 -0.002304147465437788 -0.002577319587628866
0 0.3087557603686636 0.2152061855670103 0.06451612903225806 0.16752577319587628
0 0.23732718894009217 0.21649484536082475 0.059907834101382486 0.15979381443298968
0 0.18087557603686635 0.24355670103092783 0.06221198156682028 0.16752577319587628
0 0.20506912442396313 0.15335051546391754 0.05069124423963134 0.13144329896907217
0 0.3548387096774194 0.06443298969072164 0.03225806451612903 0.08247422680412371
