0 0.001152073732718894 0.001288659793814433 -0.002304147465437788 -0.002577319587628866
0 0.23963133640552994 0.19458762886597938 0.06451612903225806 0.17268041237113402
0 0.36059907834101385 0.19329896907216496 0.07142857142857142 0.18041237113402062
0 0.38940092165898615 0.595360824742268 0.1336405529953917 0.26804123711340205
0 0.2684331797235023 0.5914948453608248 0.1497695852534562 0.2809278350515464
0 0.001152073732718894 0.001288659793814433 -0.002304147465437788 -0.002577319587628866
0 0.423963133640553 0.3943298969072165 0.10138248847926268 0.26288659793814434
0 0.511520737327189 0.3943298969072165 0.0967741935483871 0.25257731958762886
0 0.001152073732718894 0.001288659793814433 -0.002304147465437788 -0.002577319587628866
0 0.001152073732718894 0.001288659793814433 -0.002304147465437788 -0.002577319587628866
0 0.43663594470046085 0.5077319587628866 0.1359447004608295 0.35051546391752575
0 0.001152073732718894 0.001288659793814433 -0.002304147465437788 -0.002577319587628866
0 0.001152073732718894 0.001288659793814433 -0.002304147465437788 -0.002577319587628866
0 0.001152073732718894 0.001288659793814433 -0.002304147465437788 -0.002577319587628866
0 0.001152073732718894 0.001288659793814433 -0.002304147465437788 -0.002577319587628866
0 0.001152073732718894 0.001288659793814433 -0.002304147465437788 -0.002577319587628866
0 0.29723502304147464 0.07474226804123711 0.041474654377880185 0.10309278350515463
