0 0.0 0.0 0.0 0.0
0 0.22187500000000002 0.321875 0.07457812500000001 0.23124999999999998
0 0.353125 0.325 0.07659374999999997 0.2375
0 0.0 0.0 0.0 0.0
0 0.0 0.0 0.0 0.0
0 0.0 0.0 0.0 0.0
0 0.1703125 0.15625 0.0403125 0.125
0 0.23203125000000002 0.15416666666666667 0.038968749999999996 0.12083333333333333
0 0.0 0.0 0.0 0.0
0 0.0 0.0 0.0 0.0
0 0.0 0.0 0.0 0.0
0 0.1703125 0.31354166666666666 0.06517187499999999 0.20208333333333334
0 0.40234375 0.31875 0.0671875 0.20833333333333334
0 0.2921875 0.3260416666666667 0.063828125 0.19791666666666666
0 0.4390625 0.3229166666666667 0.06046874999999999 0.1875
0 0.1484375 0.065625 0.024859374999999996 0.07708333333333334
