0 0.001152073732718894 0.001288659793814433 -0.002304147465437788 -0.002577319587628866
0 0.27534562211981567 0.28350515463917525 0.08525345622119816 0.2268041237113402
0 0.4504608294930876 0.28350515463917525 0.08986175115207373 0.23195876288659795
0 0.001152073732718894 0.001288659793814433 -0.002304147465437788 -0.002577319587628866
0 0.001152073732718894 0.001288659793814433 -0.002304147465437788 -0.002577319587628866
0 0.001152073732718894 0.001288659793814433 -0.002304147465437788 -0.002577319587628866
0 0.3191244239631336 0.25257731958762886 0.07142857142857142 0.18556701030927836
0 0.3859447004608295 0.2538659793814433 0.07142857142857142 0.18814432989690721
0 0.001152073732718894 0.001288659793814433 -0.002304147465437788 -0.002577319587628866
0 0.001152073732718894 0.001288659793814433 -0.002304147465437788 -0.002577319587628866
0 0.19009216589861752 0.25257731958762886 0.07603686635944701 0.1958762886597938
0 0.31682027649769584 0.5760309278350515 0.1543778801843318 0.2912371134020619
0 0.5495391705069125 0.5889175257731959 0.1497695852534562 0.2912371134020619
0 0.4078341013824885 0.5992268041237113 0.15668202764976957 0.2603092783505155
0 0.6405529953917051 0.5992268041237113 0.14285714285714285 0.2551546391752577
0 0.001152073732718894 0.001288659793814433 -0.002304147465437788 -0.002577319587628866
