0 0.0 0.0 0.0 0.0
0 0.22421875000000002 0.340625 0.07726562499999999 0.23958333333333334
0 0.35468750000000004 0.346875 0.07995312499999999 0.24791666666666667
0 0.0 0.0 0.0 0.0
0 0.0 0.0 0.0 0.0
0 0.0 0.0 0.0 0.0
0 0.18203125000000003 0.15 0.03762500000000002 0.11666666666666667
0 0.22812500000000002 0.14895833333333333 0.03829687499999999 0.11875
0 0.0 0.0 0.0 0.0
0 0.0 0.0 0.0 0.0
0 0.0 0.0 0.0 0.0
0 0.17890625 0.29583333333333334 0.06315624999999998 0.19583333333333333
0 0.35000000000000003 0.2989583333333333 0.06517187500000002 0.20208333333333334
0 0.2984375 0.30833333333333335 0.06046875000000003 0.1875
0 0.41015625 0.3072916666666667 0.05845312500000004 0.18125
0 0.1421875 0.06875 0.024187500000000008 0.075
