0 0.001152073732718894 0.001288659793814433 -0.002304147465437788 -0.002577319587628866
0 0.27534562211981567 0.28350515463917525 0.08525345622119816 0.2268041237113402
0 0.44930875576036866 0.28865979381443296 0.08755760368663594 0.2268041237113402
0 0.001152073732718894 0.001288659793814433 -0.002304147465437788 -0.002577319587628866
0 0.001152073732718894 0.001288659793814433 -0.002304147465437788 -0.002577319587628866
0 0.001152073732718894 0.001288659793814433 -0.002304147465437788 -0.002577319587628866
0 0.31682027649769584 0.2461340206185567 0.07142857142857142 0.18298969072164947
0 0.3859447004608295 0.25 0.07142857142857142 0.18041237113402062
0 0.001152073732718894 0.001288659793814433 -0.002304147465437788 -0.002577319587628866
0 0.001152073732718894 0.001288659793814433 -0.002304147465437788 -0.002577319587628866
0 0.1912442396313364 0.25 0.07834101382488479 0.20103092783505155
0 0.3076036866359447 0.5798969072164948 0.15898617511520738 0.30927835051546393
0 0.5449308755760368 0.5902061855670103 0.14055299539170507 0.29381443298969073
0 0.4205069124423963 0.595360824742268 0.12672811059907835 0.26288659793814434
0 0.6394009216589862 0.6018041237113402 0.12672811059907835 0.2654639175257732
0 0.001152073732718894 0.001288659793814433 -0.002304147465437788 -0.002577319587628866
