0 0.0 0.0 0.0 0.0
0 0.19843750000000002 0.24166666666666667 0.05374999999999999 0.16666666666666666
0 0.31796875 0.25729166666666664 0.063828125 0.19791666666666666
0 0.0 0.0 0.0 0.0
0 0.0 0.0 0.0 0.0
0 0.0 0.0 0.0 0.0
0 0.19843750000000002 0.18207225177304967 0.04353035239361702 0.13497783687943266
0 0.2484375 0.18541666666666667 0.044343749999999994 0.1375
0 0.0 0.0 0.0 0.0
0 0.0 0.0 0.0 0.0
0 0.0 0.0 0.0 0.0
0 0.20390625 0.4239583333333333 0.08532812500000003 0.26458333333333334
0 0.3453125 0.42916666666666664 0.08734375000000001 0.2708333333333333
0 0.265625 0.4375 0.08196875000000002 0.25416666666666665
0 0.395455168460925 0.4395833333333333 0.07928124999999997 0.24583333333333332
0 0.153125 0.052083333333333336 0.02284375000000001 0.07083333333333333
