0 0.14453125 0.5177083333333333 0.116234375 0.36041666666666666
0 0.18828125 0.5177083333333333 0.128328125 0.39791666666666664
0 0.31015625 0.4947916666666667 0.03695312500000001 0.11458333333333333
0 0.34218750000000003 0.49583333333333335 0.04031250000000002 0.125
0 0.38984375000000004 0.5208333333333334 0.02418750000000003 0.075
0 0.41484375 0.5 0.04031249999999997 0.125
0 0.4625 0.5 0.04568750000000002 0.14166666666666666
0 0.49921875000000004 0.5239583333333333 0.030234375000000036 0.09375
0 0.58046875 0.5 0.04031250000000002 0.125
0 0.596875 0.5020833333333333 0.04165625000000004 0.12916666666666665
0 0.6531250000000001 0.4979166666666667 0.04165625000000004 0.12916666666666665
