0 0.0 0.0 0.0 0.0
0 0.0 0.0 0.0 0.0
0 0.0 0.0 0.0 0.0
0 0.0 0.0 0.0 0.0
0 0.0 0.0 0.0 0.0
0 0.0 0.0 0.0 0.0
0 0.15000000000000002 0.08541666666666667 0.028218750000000004 0.0875
0 0.20468750000000002 0.0875 0.028218750000000004 0.0875
0 0.0 0.0 0.0 0.0
0 0.0 0.0 0.0 0.0
0 0.0 0.0 0.0 0.0
0 0.0 0.0 0.0 0.0
0 0.115625 0.18229166666666666 0.045015625000000004 0.13958333333333334
0 0.0 0.0 0.0 0.0
0 0.0 0.0 0.0 0.0
0 0.1390625 0.15104166666666666 0.03695312499999999 0.11458333333333333
0 0.24140625000000002 0.051041666666666666 0.02082812500000002 0.06458333333333333
0 0.0 0.0 0.0 0.0
0 0.0 0.0 0.0 0.0
0 0.20703125 0.35104166666666664 0.08264062499999998 0.25625
