0 0.0 0.0 0.0 0.0
0 0.0 0.0 0.0 0.0
0 0.0 0.0 0.0 0.0
0 0.0 0.0 0.0 0.0
0 0.0 0.0 0.0 0.0
0 0.0 0.0 0.0 0.0
0 0.17716307814992027 0.09375 0.030906250000000003 0.09583333333333333
0 0.215625 0.09479166666666666 0.028890625000000017 0.08958333333333333
0 0.0 0.0 0.0 0.0
0 0.0 0.0 0.0 0.0
0 0.0 0.0 0.0 0.0
0 0.0 0.0 0.0 0.0
0 0.18984375 0.17083333333333334 0.044343749999999994 0.1375
0 0.12109375 0.18125 0.04300000000000001 0.13333333333333333
0 0.0 0.0 0.0 0.0
0 0.1421875 0.1339029255319149 0.037992386968085115 0.11780585106382979
0 0.2409632924641148 0.051041666666666666 0.02082812500000002 0.06458333333333333
0 0.0 0.0 0.0 0.0
0 0.0 0.0 0.0 0.0
0 0.140625 0.2947916666666667 0.070546875 0.21875
