0 0.001152073732718894 0.001288659793814433 -0.002304147465437788 -0.002577319587628866
0 0.001152073732718894 0.001288659793814433 -0.002304147465437788 -0.002577319587628866
0 0.001152073732718894 0.001288659793814433 -0.002304147465437788 -0.002577319587628866
0 0.001152073732718894 0.001288659793814433 -0.002304147465437788 -0.002577319587628866
0 0.001152073732718894 0.001288659793814433 -0.002304147465437788 -0.002577319587628866
0 0.001152073732718894 0.001288659793814433 -0.002304147465437788 -0.002577319587628866
0 0.2730414746543779 0.1172680412371134 0.04377880184331797 0.11597938144329897
0 0.31797235023041476 0.11984536082474227 0.04608294930875576 0.11597938144329897
0 0.001152073732718894 0.001288659793814433 -0.002304147465437788 -0.002577319587628866
0 0.001152073732718894 0.001288659793814433 -0.002304147465437788 -0.002577319587628866
0 0.001152073732718894 0.001288659793814433 -0.002304147465437788 -0.002577319587628866
0 0.001152073732718894 0.001288659793814433 -0.002304147465437788 -0.002577319587628866
0 0.30069124423963134 0.21005154639175258 0.06682027649769585 0.17268041237113402
0 0.20506912442396313 0.22036082474226804 0.06451612903225806 0.16237113402061856
0 0.16589861751152074 0.24355670103092783 0.06451612903225806 0.16752577319587628
0 0.2108294930875576 0.16623711340206185 0.0576036866359447 0.14690721649484537
0 0.35368663594470046 0.06314432989690721 0.029953917050691243 0.07989690721649484
0 0.001152073732718894 0.001288659793814433 -0.002304147465437788 -0.002577319587628866
0 0.001152073732718894 0.001288659793814433 -0.002304147465437788 -0.002577319587628866
