0 0.0703125 0.5114583333333333 0.053125000000000006 0.16875
0 0.26875 0.4979166666666667 0.037500000000000006 0.11666666666666667
0 0.47968750000000004 0.5072916666666667 0.037500000000000006 0.11458333333333333
0 0.9320312500000001 0.5416666666666666 0.0765625 0.2375
0 0.9765625 0.5239583333333333 0.046875 0.16875
0 0.4625 0.5208333333333334 0.03125 0.09583333333333333
0 0.25 0.4979166666666667 0.034375 0.10416666666666667
0 0.40156250000000004 0.5010416666666666 0.025 0.07708333333333334
0 0.6039062500000001 0.5 0.029687500000000002 0.09166666666666666
0 0.58203125 0.496875 0.026562500000000003 0.08541666666666667
0 0.203125 0.49374999999999997 0.028125 0.0875
0 0.178125 0.49583333333333335 0.028125 0.0875
0 0.33515625000000004 0.490625 0.026562500000000003 0.08125
0 0.1421875 0.49583333333333335 0.021875000000000002 0.07083333333333333
