0 0.2891705069124424 0.5051546391752577 0.12211981566820276 0.31443298969072164
0 0.2534562211981567 0.125 0.05069124423963134 0.13144329896907217
0 0.31105990783410137 0.12628865979381443 0.05069124423963134 0.13402061855670103
0 0.32027649769585254 0.29510309278350516 0.06912442396313365 0.18298969072164947
0 0.22119815668202764 0.29381443298969073 0.07834101382488479 0.20618556701030927
0 0.6094470046082949 0.5618556701030928 0.14055299539170507 0.33505154639175255
0 0.37557603686635943 0.6649484536082474 0.15668202764976957 0.14432989690721648
0 0.5668202764976958 0.6752577319587628 0.12442396313364056 0.11855670103092783
0 0.001152073732718894 0.001288659793814433 -0.002304147465437788 -0.002577319587628866
0 0.001152073732718894 0.001288659793814433 -0.002304147465437788 -0.002577319587628866
0 0.001152073732718894 0.001288659793814433 -0.002304147465437788 -0.002577319587628866
0 0.001152073732718894 0.001288659793814433 -0.002304147465437788 -0.002577319587628866
0 0.001152073732718894 0.001288659793814433 -0.002304147465437788 -0.002577319587628866
0 0.001152073732718894 0.001288659793814433 -0.002304147465437788 -0.002577319587628866
0 0.001152073732718894 0.001288659793814433 -0.002304147465437788 -0.002577319587628866
0 0.001152073732718894 0.001288659793814433 -0.002304147465437788 -0.002577319587628866
