0 0.36171875000000003 0.5041666666666667 0.04568750000000002 0.14166666666666666
0 0.42109375000000004 0.509375 0.03695312499999997 0.11458333333333333
0 0.45937500000000003 0.5114583333333333 0.03829687499999999 0.11875
0 0.48281250000000003 0.5395833333333333 0.028218750000000004 0.0875
0 0.5109375 0.5177083333333333 0.042328124999999966 0.13125
0 0.5421875 0.5177083333333333 0.05173437500000003 0.16041666666666665
0 0.5906250000000001 0.546875 0.03560937500000003 0.11041666666666666
0 0.57421875 0.515625 0.03292187499999999 0.10208333333333333
0 0.7375 0.5197916666666667 0.05845312500000004 0.18125
0 0.7585937500000001 0.5197916666666667 0.053078125000000045 0.16458333333333333
0 0.815625 0.5260416666666666 0.05442187499999998 0.16875
