0 0.0 0.0 0.0 0.0
0 0.2515625 0.3927083333333333 0.08801562500000003 0.27291666666666664
0 0.38828125 0.3989583333333333 0.09070312499999998 0.28125
0 0.0 0.0 0.0 0.0
0 0.0 0.0 0.0 0.0
0 0.0 0.0 0.0 0.0
0 0.1921875 0.13645833333333332 0.03695312499999999 0.11458333333333333
0 0.22968750000000002 0.13854166666666667 0.03695312500000001 0.11458333333333333
0 0.0 0.0 0.0 0.0
0 0.0 0.0 0.0 0.0
0 0.0 0.0 0.0 0.0
0 0.17656249999999998 0.26145833333333335 0.057109374999999976 0.17708333333333334
0 0.2890625 0.2604166666666667 0.057781249999999985 0.17916666666666667
0 0.240625 0.26374335106382973 0.05186446143617021 0.16082003546099286
0 0.33906250000000004 0.26458333333333334 0.05240624999999999 0.1625
0 0.1390625 0.07708333333333334 0.025531250000000005 0.07916666666666666
0 0.1265625 0.06666666666666667 0.030906250000000003 0.09583333333333333
