0 0.9765625 0.5916666666666667 0.03125 0.09583333333333333
0 0.6726562500000001 0.596875 0.0390625 0.12291666666666666
0 0.4578125 0.603125 0.043750000000000004 0.13958333333333334
0 0.38359375 0.603125 0.045312500000000006 0.13958333333333334
0 0.31875000000000003 0.6041666666666666 0.046875 0.14166666666666666
0 0.2984375 0.6177083333333333 0.046875 0.14375
0 0.26406250000000003 0.6208333333333333 0.046875 0.14166666666666666
0 0.22578125000000002 0.6114583333333333 0.045312500000000006 0.13958333333333334
0 0.19687500000000002 0.6083333333333333 0.043750000000000004 0.1375
0 0.17734375000000002 0.609375 0.051562500000000004 0.15625
0 0.1375 0.6010416666666667 0.05 0.15625
0 0.04453125 0.6010416666666667 0.0421875 0.13125
0 0.08671875000000001 0.60625 0.0484375 0.15
0 0.11796875000000001 0.5916666666666667 0.0390625 0.125
