0 0.35859375000000004 0.5 0.04568750000000002 0.14166666666666666
0 0.4296875 0.5020833333333333 0.038968749999999996 0.12083333333333333
0 0.4578125 0.509375 0.03964062500000001 0.12291666666666666
0 0.49062500000000003 0.5354166666666667 0.030906249999999958 0.09583333333333333
0 0.5274085426634768 0.515625 0.043671874999999985 0.13541666666666666
0 0.55390625 0.5177083333333333 0.05173437500000003 0.16041666666666665
0 0.5953125 0.540625 0.034265625000000015 0.10625
0 0.75390625 0.515625 0.061140625 0.18958333333333333
0 0.77109375 0.515625 0.055765625 0.17291666666666666
0 0.83359375 0.521875 0.057109374999999934 0.17708333333333334
0 0.5756147017045455 0.5078346631205675 0.035259142287234015 0.10933067375886504
0 0.5191225578149921 0.5116799645390073 0.0432287234042553 0.13404255319148936
