0 0.0 0.0 0.0 0.0
0 0.20625000000000002 0.26677083333333335 0.0632234375 0.19604166666666673
0 0.0 0.0 0.0 0.0
0 0.0 0.0 0.0 0.0
0 0.0 0.0 0.0 0.0
0 0.19163115530303032 0.17894725177304965 0.04554597739361706 0.14122783687943266
0 0.23828125 0.17916666666666667 0.04300000000000002 0.13333333333333333
0 0.0 0.0 0.0 0.0
0 0.0 0.0 0.0 0.0
0 0.0 0.0 0.0 0.0
0 0.20390625 0.3918949468085106 0.08182150930851062 0.25371010638297875
0 0.3359375 0.40520833333333334 0.08264062499999998 0.25625
0 0.26171875 0.41041666666666665 0.07793749999999999 0.24166666666666667
0 0.403125 0.41562499999999997 0.07457812500000004 0.23124999999999998
0 0.15000000000000002 0.057291666666666664 0.022171874999999997 0.06875
0 0.3279468201754385 0.2616001773049645 0.06101196808510641 0.1891843971631206
