0 0.0 0.0 0.0 0.0
0 0.17265625 0.17134086879432625 0.04601486037234044 0.14268173758865252
0 0.27109375 0.18020833333333333 0.04904687499999998 0.15208333333333332
0 0.0 0.0 0.0 0.0
0 0.2328125 0.2677083333333333 0.058453124999999995 0.18125
0 0.3015625 0.26979166666666665 0.058453124999999995 0.18125
0 0.0 0.0 0.0 0.0
0 0.0 0.0 0.0 0.0
0 0.17890625000000002 0.3072916666666667 0.06920312500000002 0.21458333333333332
0 0.0 0.0 0.0 0.0
0 0.0 0.0 0.0 0.0
0 0.0 0.0 0.0 0.0
0 0.0 0.0 0.0 0.0
0 0.0 0.0 0.0 0.0
0 0.1609375 0.06354166666666666 0.028890624999999993 0.08958333333333333
