0 0.001152073732718894 0.001288659793814433 -0.002304147465437788 -0.002577319587628866
0 0.43317972350230416 0.6146907216494846 0.17511520737327188 0.2345360824742268
0 0.6831797235023042 0.6288659793814433 0.16820276497695852 0.211340206185567
0 0.001152073732718894 0.001288659793814433 -0.002304147465437788 -0.002577319587628866
0 0.001152073732718894 0.001288659793814433 -0.002304147465437788 -0.002577319587628866
0 0.001152073732718894 0.001288659793814433 -0.002304147465437788 -0.002577319587628866
0 0.2857142857142857 0.13530927835051546 0.04608294930875576 0.1211340206185567
0 0.3248847926267281 0.13659793814432988 0.04608294930875576 0.12371134020618557
0 0.001152073732718894 0.001288659793814433 -0.002304147465437788 -0.002577319587628866
0 0.001152073732718894 0.001288659793814433 -0.002304147465437788 -0.002577319587628866
0 0.001152073732718894 0.001288659793814433 -0.002304147465437788 -0.002577319587628866
0 0.16244239631336405 0.24097938144329897 0.07142857142857142 0.18298969072164947
0 0.35253456221198154 0.23195876288659795 0.06912442396313365 0.17525773195876287
0 0.28225806451612906 0.24355670103092783 0.06221198156682028 0.16237113402061856
0 0.33294930875576034 0.2603092783505155 0.06682027649769585 0.17010309278350516
0 0.19009216589861752 0.13144329896907217 0.04838709677419355 0.12371134020618557
0 0.347926267281106 0.06701030927835051 0.03225806451612903 0.08762886597938144
