0 0.001152073732718894 0.001288659793814433 -0.002304147465437788 -0.002577319587628866
0 0.24308755760368664 0.18943298969072164 0.06682027649769585 0.17268041237113402
0 0.3513824884792627 0.18943298969072164 0.06682027649769585 0.17268041237113402
0 0.3790322580645161 0.5824742268041238 0.1313364055299539 0.28865979381443296
0 0.24078341013824886 0.5786082474226804 0.14516129032258066 0.3015463917525773
0 0.1313364055299539 0.36211340206185566 0.10138248847926268 0.2603092783505155
0 0.43317972350230416 0.40463917525773196 0.10138248847926268 0.26288659793814434
0 0.5184331797235023 0.4097938144329897 0.0967741935483871 0.24742268041237114
0 0.001152073732718894 0.001288659793814433 -0.002304147465437788 -0.002577319587628866
0 0.001152073732718894 0.001288659793814433 -0.002304147465437788 -0.002577319587628866
0 0.49193548387096775 0.5322164948453608 0.1359447004608295 0.3582474226804124
0 0.001152073732718894 0.001288659793814433 -0.002304147465437788 -0.002577319587628866
0 0.001152073732718894 0.001288659793814433 -0.002304147465437788 -0.002577319587628866
0 0.001152073732718894 0.001288659793814433 -0.002304147465437788 -0.002577319587628866
0 0.001152073732718894 0.001288659793814433 -0.002304147465437788 -0.002577319587628866
0 0.001152073732718894 0.001288659793814433 -0.002304147465437788 -0.002577319587628866
0 0.29147465437788017 0.07474226804123711 0.03917050691244239 0.10309278350515463
