0 0.001152073732718894 0.001288659793814433 -0.002304147465437788 -0.002577319587628866
0 0.44815668202764974 0.6211340206185567 0.1728110599078341 0.211340206185567
0 0.6993087557603687 0.6404639175257731 0.15898617511520738 0.18298969072164947
0 0.001152073732718894 0.001288659793814433 -0.002304147465437788 -0.002577319587628866
0 0.001152073732718894 0.001288659793814433 -0.002304147465437788 -0.002577319587628866
0 0.001152073732718894 0.001288659793814433 -0.002304147465437788 -0.002577319587628866
0 0.2868663594470046 0.13402061855670103 0.04838709677419355 0.12371134020618557
0 0.3283410138248848 0.13402061855670103 0.04377880184331797 0.11855670103092783
0 0.001152073732718894 0.001288659793814433 -0.002304147465437788 -0.002577319587628866
0 0.001152073732718894 0.001288659793814433 -0.002304147465437788 -0.002577319587628866
0 0.001152073732718894 0.001288659793814433 -0.002304147465437788 -0.002577319587628866
0 0.14516129032258066 0.23969072164948454 0.06912442396313365 0.18041237113402062
0 0.35023041474654376 0.2306701030927835 0.06451612903225806 0.17268041237113402
0 0.2764976958525346 0.23969072164948454 0.06451612903225806 0.17010309278350516
0 0.315668202764977 0.25773195876288657 0.06451612903225806 0.17010309278350516
0 0.195852534562212 0.13144329896907217 0.04608294930875576 0.12371134020618557
0 0.3548387096774194 0.07216494845360824 0.041474654377880185 0.10309278350515463
