0 0.27534562211981567 0.5721649484536082 0.12672811059907835 0.31958762886597936
0 0.24539170506912442 0.13788659793814434 0.052995391705069124 0.14175257731958762
0 0.3225806451612903 0.1404639175257732 0.05529953917050691 0.14175257731958762
0 0.3191244239631336 0.34149484536082475 0.07603686635944701 0.2036082474226804
0 0.23271889400921658 0.3376288659793814 0.08755760368663594 0.2268041237113402
0 0.4112903225806452 0.5 0.1359447004608295 0.35051546391752575
0 0.3951612903225806 0.6069587628865979 0.14055299539170507 0.2603092783505155
0 0.5506912442396313 0.6069587628865979 0.1382488479262673 0.2551546391752577
0 0.001152073732718894 0.001288659793814433 -0.002304147465437788 -0.002577319587628866
0 0.001152073732718894 0.001288659793814433 -0.002304147465437788 -0.002577319587628866
0 0.001152073732718894 0.001288659793814433 -0.002304147465437788 -0.002577319587628866
0 0.001152073732718894 0.001288659793814433 -0.002304147465437788 -0.002577319587628866
0 0.001152073732718894 0.001288659793814433 -0.002304147465437788 -0.002577319587628866
0 0.001152073732718894 0.001288659793814433 -0.002304147465437788 -0.002577319587628866
0 0.001152073732718894 0.001288659793814433 -0.002304147465437788 -0.002577319587628866
0 0.001152073732718894 0.001288659793814433 -0.002304147465437788 -0.002577319587628866
0 0.21428571428571427 0.055412371134020616 0.041474654377880185 0.1056701030927835
