0 0.27764976958525345 0.5657216494845361 0.12211981566820276 0.32216494845360827
0 0.24308755760368664 0.13659793814432988 0.0576036866359447 0.14432989690721648
0 0.32142857142857145 0.13788659793814434 0.052995391705069124 0.14175257731958762
0 0.31105990783410137 0.3337628865979381 0.07834101382488479 0.2036082474226804
0 0.22465437788018433 0.3337628865979381 0.08525345622119816 0.2190721649484536
0 0.44815668202764974 0.5025773195876289 0.1313364055299539 0.34536082474226804
0 0.38940092165898615 0.6134020618556701 0.14746543778801843 0.23711340206185566
0 0.5668202764976958 0.615979381443299 0.14746543778801843 0.2422680412371134
0 0.001152073732718894 0.001288659793814433 -0.002304147465437788 -0.002577319587628866
0 0.001152073732718894 0.001288659793814433 -0.002304147465437788 -0.002577319587628866
0 0.001152073732718894 0.001288659793814433 -0.002304147465437788 -0.002577319587628866
0 0.001152073732718894 0.001288659793814433 -0.002304147465437788 -0.002577319587628866
0 0.001152073732718894 0.001288659793814433 -0.002304147465437788 -0.002577319587628866
0 0.001152073732718894 0.001288659793814433 -0.002304147465437788 -0.002577319587628866
0 0.001152073732718894 0.001288659793814433 -0.002304147465437788 -0.002577319587628866
0 0.001152073732718894 0.001288659793814433 -0.002304147465437788 -0.002577319587628866
0 0.20967741935483872 0.055412371134020616 0.041474654377880185 0.1056701030927835
