0 0.7468750000000001 0.5791666666666666 0.034375 0.10833333333333334
0 0.32343750000000004 0.6083333333333333 0.040625 0.125
0 0.29921875000000003 0.6104166666666666 0.0484375 0.14583333333333334
0 0.2078125 0.60625 0.046875 0.14166666666666666
0 0.045312500000000006 0.5958333333333333 0.043750000000000004 0.1375
0 0.07265625 0.5916666666666667 0.045312500000000006 0.14166666666666666
0 0.017968750000000002 0.5979166666666667 0.0328125 0.1125
0 0.11484375000000001 0.5916666666666667 0.0484375 0.15
0 0.7875000000000001 0.5875 0.03125 0.1
0 0.56796875 0.409375 0.029687500000000002 0.08958333333333333
