0 0.001152073732718894 0.001288659793814433 -0.002304147465437788 -0.002577319587628866
0 0.24078341013824886 0.17783505154639176 0.06221198156682028 0.15979381443298968
0 0.34101382488479265 0.18298969072164947 0.06451612903225806 0.17010309278350516
0 0.38018433179723504 0.5257731958762887 0.1152073732718894 0.29381443298969073
0 0.24423963133640553 0.538659793814433 0.12442396313364056 0.31958762886597936
0 0.2350230414746544 0.375 0.10138248847926268 0.2654639175257732
0 0.45276497695852536 0.43943298969072164 0.10829493087557604 0.2809278350515464
0 0.5449308755760368 0.43943298969072164 0.10368663594470046 0.2654639175257732
0 0.5403225806451613 0.6752577319587628 0.1175115207373272 0.1134020618556701
0 0.5403225806451613 0.5618556701030928 0.12211981566820276 0.28350515463917525
0 0.001152073732718894 0.001288659793814433 -0.002304147465437788 -0.002577319587628866
0 0.001152073732718894 0.001288659793814433 -0.002304147465437788 -0.002577319587628866
0 0.001152073732718894 0.001288659793814433 -0.002304147465437788 -0.002577319587628866
0 0.001152073732718894 0.001288659793814433 -0.002304147465437788 -0.002577319587628866
0 0.001152073732718894 0.001288659793814433 -0.002304147465437788 -0.002577319587628866
0 0.2960829493087558 0.07345360824742268 0.03917050691244239 0.10051546391752578
