0 0.33046875000000003 0.528125 0.055765625 0.17291666666666666
0 0.37343750000000003 0.5302083333333333 0.03695312500000001 0.11458333333333333
0 0.4296875 0.5447916666666667 0.05710937500000002 0.17708333333333334
0 0.45 0.5427083333333333 0.05845312500000004 0.18125
0 0.48281250000000003 0.559375 0.03292187499999999 0.10208333333333333
0 0.51875 0.5375 0.04703125000000004 0.14583333333333334
0 0.55859375 0.5395833333333333 0.05643750000000001 0.175
0 0.596875 0.5270833333333333 0.042999999999999976 0.13333333333333333
0 0.6078125000000001 0.5708333333333333 0.04031250000000002 0.125
0 0.8140625 0.5375 0.07525000000000004 0.23333333333333334
0 0.8546875 0.5354166666666667 0.06853125000000003 0.2125
0 0.9187500000000001 0.5458333333333333 0.06987500000000005 0.21666666666666667
