0 0.0 0.0 0.0 0.0
0 0.17330355362838917 0.18098182624113476 0.05088952792553195 0.15779698581560286
0 0.27265625 0.18020833333333333 0.04904687499999998 0.15208333333333332
0 0.0 0.0 0.0 0.0
0 0.23639914772727266 0.2677083333333333 0.058453124999999995 0.18125
0 0.296875 0.26458333333333334 0.057781249999999985 0.17916666666666667
0 0.0 0.0 0.0 0.0
0 0.0 0.0 0.0 0.0
0 0.1765625 0.3072916666666667 0.06920312500000002 0.21458333333333332
0 0.0 0.0 0.0 0.0
0 0.0 0.0 0.0 0.0
0 0.0 0.0 0.0 0.0
0 0.0 0.0 0.0 0.0
0 0.0 0.0 0.0 0.0
0 0.15546875000000002 0.06458333333333333 0.029562500000000005 0.09166666666666666
