0 0.40937500000000004 0.5947916666666666 0.225 0.7979166666666666
0 0.37265625 0.41875 0.0578125 0.2125
0 0.43984375000000003 0.41354166666666664 0.0671875 0.21458333333333332
0 0.58515625 0.4083333333333333 0.0671875 0.2625
0 0.12187500000000001 0.43124999999999997 0.03125 0.10416666666666667
0 0.32656250000000003 0.42083333333333334 0.059375000000000004 0.20416666666666666
0 0.41953125 0.428125 0.0671875 0.23124999999999998
0 0.35546875 0.41770833333333335 0.06406250000000001 0.24791666666666667
0 0.2734375 0.4302083333333333 0.03125 0.14375
0 0.2984375 0.496875 0.15625 0.4354166666666667
0 0.2546875 0.48125 0.07500000000000001 0.42083333333333334
0 0.6234375000000001 0.40520833333333334 0.05 0.23541666666666666
0 0.68515625 0.4114583333333333 0.0671875 0.22708333333333333
0 0.33437500000000003 0.5208333333333334 0.19375 0.5458333333333333
0 0.40937500000000004 0.490625 0.1125 0.54375
0 0.9 0.40520833333333334 0.05 0.18541666666666667
0 0.7828125 0.40625 0.0625 0.2833333333333333
0 0.8328125000000001 0.41041666666666665 0.059375000000000004 0.26666666666666666
0 0.09531250000000001 0.44479166666666664 0.040625 0.11458333333333333
0 0.02890625 0.428125 0.0390625 0.12291666666666666
0 0.5234375 0.4114583333333333 0.040625 0.14375
0 0.9359375000000001 0.403125 0.043750000000000004 0.18541666666666667
0 0.97265625 0.40520833333333334 0.0421875 0.19375
