0 0.0 0.0 0.0 0.0
0 0.24453125 0.3770833333333333 0.08465625000000002 0.2625
0 0.37421875000000004 0.384375 0.08532812500000003 0.26458333333333334
0 0.0 0.0 0.0 0.0
0 0.0 0.0 0.0 0.0
0 0.0 0.0 0.0 0.0
0 0.19271269437799043 0.13854166666666667 0.03695312499999999 0.11458333333333333
0 0.22734375 0.13958333333333334 0.03762500000000002 0.11666666666666667
0 0.0 0.0 0.0 0.0
0 0.0 0.0 0.0 0.0
0 0.0 0.0 0.0 0.0
0 0.178125 0.26875 0.05912499999999998 0.18333333333333332
0 0.30703125000000003 0.27291666666666664 0.06046875000000003 0.1875
0 0.25625000000000003 0.27546764184397166 0.05539537898936171 0.17176861702127663
0 0.35468750000000004 0.27478945035460994 0.05361419547872344 0.16624556737588658
0 0.14140625 0.07395833333333333 0.024859374999999996 0.07708333333333334
0 0.11394288277511964 0.06458333333333333 0.02956249999999999 0.09166666666666666
