0 0.001152073732718894 0.001288659793814433 -0.002304147465437788 -0.002577319587628866
0 0.2695852534562212 0.25644329896907214 0.07834101382488479 0.20876288659793815
0 0.45622119815668205 0.2615979381443299 0.07834101382488479 0.20876288659793815
0 0.001152073732718894 0.001288659793814433 -0.002304147465437788 -0.002577319587628866
0 0.001152073732718894 0.001288659793814433 -0.002304147465437788 -0.002577319587628866
0 0.001152073732718894 0.001288659793814433 -0.002304147465437788 -0.002577319587628866
0 0.3248847926267281 0.27319587628865977 0.07373271889400922 0.1958762886597938
0 0.39055299539170507 0.2757731958762887 0.07603686635944701 0.1958762886597938
0 0.001152073732718894 0.001288659793814433 -0.002304147465437788 -0.002577319587628866
0 0.001152073732718894 0.001288659793814433 -0.002304147465437788 -0.002577319587628866
0 0.20852534562211983 0.2899484536082474 0.08525345622119816 0.22422680412371135
0 0.32142857142857145 0.6211340206185567 0.1543778801843318 0.22164948453608246
0 0.5622119815668203 0.6275773195876289 0.14285714285714285 0.2036082474226804
0 0.423963133640553 0.6481958762886598 0.14285714285714285 0.16237113402061856
0 0.6877880184331797 0.643041237113402 0.12672811059907835 0.17783505154639176
0 0.001152073732718894 0.001288659793814433 -0.002304147465437788 -0.002577319587628866
