0 0.87421875 0.5489583333333333 0.14848437499999997 0.46041666666666664
0 0.75 0.5322916666666666 0.14714062500000002 0.45625
0 0.63984375 0.521875 0.10817187500000003 0.33541666666666664
0 0.6984375 0.5364583333333334 0.05442187499999998 0.16875
0 0.59375 0.5166666666666666 0.034937500000000024 0.10833333333333334
0 0.1859375 0.5041666666666667 0.034937500000000024 0.10833333333333334
0 0.5469397926634769 0.5208333333333334 0.02418750000000003 0.075
0 0.5200363025817385 0.5184729609929078 0.028397440159574485 0.08805407801418437
0 0.50625 0.5197916666666667 0.027546874999999995 0.08541666666666667
0 0.4921875 0.509375 0.028890625000000017 0.08958333333333333
0 0.47736181718500803 0.5135416666666667 0.028890625000000017 0.08958333333333333
0 0.9497445673843701 0.581892730496454 0.05969680851063828 0.18510638297872356
