0 0.24539170506912442 0.1713917525773196 0.06221198156682028 0.15721649484536082
0 0.3283410138248848 0.17396907216494845 0.06221198156682028 0.16237113402061856
0 0.35714285714285715 0.4780927835051546 0.10599078341013825 0.2706185567010309
0 0.26152073732718895 0.4832474226804124 0.11290322580645161 0.2963917525773196
0 0.20852534562211983 0.40850515463917525 0.11290322580645161 0.2963917525773196
0 0.4608294930875576 0.47036082474226804 0.11059907834101382 0.2912371134020619
0 0.5380184331797235 0.48582474226804123 0.1175115207373272 0.30670103092783507
0 0.44815668202764974 0.6443298969072165 0.14055299539170507 0.18041237113402062
0 0.2707373271889401 0.6713917525773195 0.12672811059907835 0.11597938144329897
0 0.5887096774193549 0.615979381443299 0.14516129032258066 0.23711340206185566
0 0.001152073732718894 0.001288659793814433 -0.002304147465437788 -0.002577319587628866
0 0.001152073732718894 0.001288659793814433 -0.002304147465437788 -0.002577319587628866
0 0.001152073732718894 0.001288659793814433 -0.002304147465437788 -0.002577319587628866
0 0.001152073732718894 0.001288659793814433 -0.002304147465437788 -0.002577319587628866
0 0.001152073732718894 0.001288659793814433 -0.002304147465437788 -0.002577319587628866
0 0.3052995391705069 0.06958762886597938 0.04377880184331797 0.1134020618556701
