0 0.07500000000000001 0.596875 0.07592187500000001 0.23541666666666666
0 0.14140625 0.5427083333333333 0.10817187500000003 0.33541666666666664
0 0.27109375 0.5177083333333333 0.03292187499999999 0.10208333333333333
0 0.3140625 0.515625 0.03157812500000001 0.09791666666666667
0 0.4703125 0.5291666666666667 0.07659374999999997 0.2375
0 0.5320312500000001 0.546875 0.15385937500000005 0.4770833333333333
0 0.64609375 0.528125 0.151171875 0.46875
0 0.8304687500000001 0.5197916666666667 0.057109374999999934 0.17708333333333334
0 0.878125 0.5114583333333333 0.057109374999999934 0.17708333333333334
0 0.36562500000000003 0.5072916666666667 0.03157812500000001 0.09791666666666667
