0 0.0 0.0 0.0 0.0
0 0.0 0.0 0.0 0.0
0 0.0 0.0 0.0 0.0
0 0.0 0.0 0.0 0.0
0 0.0 0.0 0.0 0.0
0 0.0 0.0 0.0 0.0
0 0.17421875 0.09375 0.030906250000000003 0.09583333333333333
0 0.21328125 0.09375 0.029562500000000005 0.09166666666666666
0 0.0 0.0 0.0 0.0
0 0.0 0.0 0.0 0.0
0 0.0 0.0 0.0 0.0
0 0.0 0.0 0.0 0.0
0 0.18203125 0.17083333333333334 0.044343749999999994 0.1375
0 0.10877442185007975 0.18541666666666667 0.045687500000000006 0.14166666666666666
0 0.0 0.0 0.0 0.0
0 0.1375 0.13229166666666667 0.034265625000000015 0.10625
0 0.2390625 0.051041666666666666 0.02082812500000002 0.06458333333333333
0 0.0 0.0 0.0 0.0
0 0.0 0.0 0.0 0.0
0 0.16796875000000003 0.30416666666666664 0.07121875000000003 0.22083333333333333
