0 0.001152073732718894 0.001288659793814433 -0.002304147465437788 -0.002577319587628866
0 0.49078341013824883 0.6855670103092784 0.1336405529953917 0.0979381443298969
0 0.001152073732718894 0.001288659793814433 -0.002304147465437788 -0.002577319587628866
0 0.001152073732718894 0.001288659793814433 -0.002304147465437788 -0.002577319587628866
0 0.001152073732718894 0.001288659793814433 -0.002304147465437788 -0.002577319587628866
0 0.27880184331797236 0.12371134020618557 0.04608294930875576 0.11855670103092783
0 0.3271889400921659 0.125 0.041474654377880185 0.11082474226804123
0 0.001152073732718894 0.001288659793814433 -0.002304147465437788 -0.002577319587628866
0 0.001152073732718894 0.001288659793814433 -0.002304147465437788 -0.002577319587628866
0 0.001152073732718894 0.001288659793814433 -0.002304147465437788 -0.002577319587628866
0 0.001152073732718894 0.001288659793814433 -0.002304147465437788 -0.002577319587628866
0 0.31336405529953915 0.2152061855670103 0.06451612903225806 0.16752577319587628
0 0.23732718894009217 0.21778350515463918 0.059907834101382486 0.15721649484536082
0 0.18087557603686635 0.2461340206185567 0.06221198156682028 0.16237113402061856
0 0.20391705069124424 0.14948453608247422 0.052995391705069124 0.13917525773195877
0 0.35253456221198154 0.06443298969072164 0.03225806451612903 0.08247422680412371
