0 0.20234375000000002 0.5020833333333333 0.08734375 0.2708333333333333
0 0.26406250000000003 0.5 0.09137499999999998 0.2833333333333333
0 0.30078125 0.4864583333333333 0.03964062500000001 0.12291666666666666
0 0.35390625000000003 0.5083333333333333 0.02284375000000001 0.07083333333333333
0 0.37812500000000004 0.4864583333333333 0.03695312500000001 0.11458333333333333
0 0.4296875 0.4895833333333333 0.044343749999999994 0.1375
0 0.46328125000000003 0.5135416666666667 0.028890625000000017 0.08958333333333333
0 0.55703125 0.484375 0.04098437500000003 0.12708333333333333
0 0.6039062500000001 0.4947916666666667 0.034265625000000015 0.10625
0 0.53515625 0.490625 0.03695312499999997 0.11458333333333333
0 0.9539062500000001 0.4875 0.03896875000000009 0.12083333333333333
