0 0.001152073732718894 0.001288659793814433 -0.002304147465437788 -0.002577319587628866
0 0.24769585253456222 0.211340206185567 0.07142857142857142 0.18041237113402062
0 0.3836405529953917 0.21005154639175258 0.06682027649769585 0.17783505154639176
0 0.4377880184331797 0.654639175257732 0.17972350230414746 0.15979381443298968
0 0.28456221198156684 0.6520618556701031 0.14055299539170507 0.14948453608247422
0 0.001152073732718894 0.001288659793814433 -0.002304147465437788 -0.002577319587628866
0 0.3629032258064516 0.35051546391752575 0.08986175115207373 0.23711340206185566
0 0.45161290322580644 0.3556701030927835 0.08755760368663594 0.2268041237113402
0 0.001152073732718894 0.001288659793814433 -0.002304147465437788 -0.002577319587628866
0 0.001152073732718894 0.001288659793814433 -0.002304147465437788 -0.002577319587628866
0 0.3052995391705069 0.4149484536082474 0.11290322580645161 0.28865979381443296
0 0.001152073732718894 0.001288659793814433 -0.002304147465437788 -0.002577319587628866
0 0.001152073732718894 0.001288659793814433 -0.002304147465437788 -0.002577319587628866
0 0.001152073732718894 0.001288659793814433 -0.002304147465437788 -0.002577319587628866
0 0.001152073732718894 0.001288659793814433 -0.002304147465437788 -0.002577319587628866
0 0.001152073732718894 0.001288659793814433 -0.002304147465437788 -0.002577319587628866
0 0.26497695852534564 0.07731958762886598 0.041474654377880185 0.10824742268041238
