0 0.25546875 0.5333333333333333 0.0703125 0.21666666666666667
0 0.30000000000000004 0.5572916666666666 0.043750000000000004 0.13125
0 0.34218750000000003 0.5239583333333333 0.065625 0.20625
0 0.46171875 0.5291666666666667 0.0703125 0.21666666666666667
0 0.6296875000000001 0.5489583333333333 0.153125 0.4770833333333333
0 0.8562500000000001 0.5479166666666666 0.140625 0.43333333333333335
0 0.93671875 0.53125 0.1265625 0.44166666666666665
0 0.278125 0.509375 0.03125 0.09791666666666667
0 0.421875 0.5125 0.028125 0.08333333333333333
0 0.21640625000000002 0.5072916666666667 0.0234375 0.07291666666666667
