0 0.0 0.0 0.0 0.0
0 0.26406250000000003 0.42083333333333334 0.09271875000000002 0.2875
0 0.41171875 0.42604166666666665 0.09607812500000001 0.29791666666666666
0 0.0 0.0 0.0 0.0
0 0.0 0.0 0.0 0.0
0 0.0 0.0 0.0 0.0
0 0.19140625 0.13125 0.03628125000000002 0.1125
0 0.23203125000000002 0.12916666666666665 0.034937500000000024 0.10833333333333334
0 0.0 0.0 0.0 0.0
0 0.0 0.0 0.0 0.0
0 0.0 0.0 0.0 0.0
0 0.16328125000000002 0.24583333333333332 0.05509374999999999 0.17083333333333334
0 0.27421875 0.2375 0.048375000000000015 0.15
0 0.22890625 0.25104166666666666 0.050390625 0.15625
0 0.3125 0.25 0.04971874999999999 0.15416666666666667
0 0.1375 0.08229166666666667 0.027546874999999995 0.08541666666666667
0 0.15234375 0.065625 0.028890624999999993 0.08958333333333333
