0 0.001152073732718894 0.001288659793814433 -0.002304147465437788 -0.002577319587628866
0 0.33294930875576034 0.384020618556701 0.10829493087557604 0.28350515463917525
0 0.5276497695852534 0.3943298969072165 0.1152073732718894 0.29381443298969073
0 0.001152073732718894 0.001288659793814433 -0.002304147465437788 -0.002577319587628866
0 0.001152073732718894 0.001288659793814433 -0.002304147465437788 -0.002577319587628866
0 0.001152073732718894 0.001288659793814433 -0.002304147465437788 -0.002577319587628866
0 0.2569124423963134 0.1958762886597938 0.0576036866359447 0.15463917525773196
0 0.33755760368663595 0.1920103092783505 0.0576036866359447 0.14690721649484537
0 0.001152073732718894 0.001288659793814433 -0.002304147465437788 -0.002577319587628866
0 0.001152073732718894 0.001288659793814433 -0.002304147465437788 -0.002577319587628866
0 0.001152073732718894 0.001288659793814433 -0.002304147465437788 -0.002577319587628866
0 0.2523041474654378 0.4007731958762887 0.09907834101382489 0.2603092783505155
0 0.6071428571428571 0.4059278350515464 0.10368663594470046 0.2706185567010309
0 0.41705069124423966 0.4162371134020618 0.0967741935483871 0.25
0 0.6624423963133641 0.40463917525773196 0.08525345622119816 0.22164948453608246
0 0.21774193548387097 0.07860824742268041 0.03456221198156682 0.09020618556701031
