0 0.17890625000000002 0.4927083333333333 0.18073437500000003 0.5604166666666667
0 0.34140625 0.51875 0.11824999999999997 0.36666666666666664
0 0.38359375 0.49166666666666664 0.030906250000000003 0.09583333333333333
0 0.40859375000000003 0.490625 0.028890625000000017 0.08958333333333333
0 0.44453125000000004 0.49166666666666664 0.030906249999999958 0.09583333333333333
0 0.48281250000000003 0.4979166666666667 0.026874999999999982 0.08333333333333333
0 0.5171875 0.4947916666666667 0.030234375000000036 0.09375
0 0.62421875 0.5 0.03762499999999998 0.11666666666666667
0 0.8656573963317385 0.5313718971631206 0.07651512632978719 0.23725620567375869
0 0.28467279704944176 0.48827570921985836 0.033622340425531895 0.10425531914893611
