0 0.2684331797235023 0.5747422680412371 0.1359447004608295 0.3247422680412371
0 0.2465437788018433 0.13402061855670103 0.05529953917050691 0.13917525773195877
0 0.3225806451612903 0.13788659793814434 0.05529953917050691 0.14175257731958762
0 0.315668202764977 0.33505154639175255 0.07834101382488479 0.20618556701030927
0 0.22811059907834103 0.33505154639175255 0.08294930875576037 0.22164948453608246
0 0.43202764976958524 0.5025773195876289 0.1313364055299539 0.34536082474226804
0 0.402073732718894 0.6056701030927835 0.16820276497695852 0.25773195876288657
0 0.5622119815668203 0.6069587628865979 0.14746543778801843 0.25
0 0.001152073732718894 0.001288659793814433 -0.002304147465437788 -0.002577319587628866
0 0.001152073732718894 0.001288659793814433 -0.002304147465437788 -0.002577319587628866
0 0.001152073732718894 0.001288659793814433 -0.002304147465437788 -0.002577319587628866
0 0.001152073732718894 0.001288659793814433 -0.002304147465437788 -0.002577319587628866
0 0.001152073732718894 0.001288659793814433 -0.002304147465437788 -0.002577319587628866
0 0.001152073732718894 0.001288659793814433 -0.002304147465437788 -0.002577319587628866
0 0.001152073732718894 0.001288659793814433 -0.002304147465437788 -0.002577319587628866
0 0.001152073732718894 0.001288659793814433 -0.002304147465437788 -0.002577319587628866
0 0.2119815668202765 0.055412371134020616 0.041474654377880185 0.1056701030927835
