0 0.28515625 0.5041666666666667 0.051562500000000004 0.15833333333333333
0 0.359375 0.5083333333333333 0.05 0.15833333333333333
0 0.42500000000000004 0.5072916666666667 0.034375 0.11041666666666666
0 0.45546875000000003 0.5072916666666667 0.0390625 0.11875
0 0.4921875 0.5052083333333334 0.037500000000000006 0.11458333333333333
0 0.51328125 0.5114583333333333 0.0421875 0.12708333333333333
0 0.5625 0.5104166666666666 0.043750000000000004 0.1375
0 0.628125 0.54375 0.115625 0.3541666666666667
0 0.72265625 0.6125 0.07968750000000001 0.25
0 0.69921875 0.5229166666666667 0.0734375 0.22916666666666666
0 0.90390625 0.5302083333333333 0.060937500000000006 0.19375
0 0.9656250000000001 0.5510416666666667 0.06875 0.34791666666666665
0 0.8375 0.5645833333333333 0.06875 0.21666666666666667
0 0.75390625 0.4979166666666667 0.045312500000000006 0.14166666666666666
