0 0.001152073732718894 0.001288659793814433 -0.002304147465437788 -0.002577319587628866
0 0.4769585253456221 0.6804123711340206 0.15668202764976957 0.1134020618556701
0 0.001152073732718894 0.001288659793814433 -0.002304147465437788 -0.002577319587628866
0 0.001152073732718894 0.001288659793814433 -0.002304147465437788 -0.002577319587628866
0 0.001152073732718894 0.001288659793814433 -0.002304147465437788 -0.002577319587628866
0 0.2799539170506912 0.125 0.04838709677419355 0.1211340206185567
0 0.3271889400921659 0.12628865979381443 0.041474654377880185 0.1134020618556701
0 0.001152073732718894 0.001288659793814433 -0.002304147465437788 -0.002577319587628866
0 0.001152073732718894 0.001288659793814433 -0.002304147465437788 -0.002577319587628866
0 0.001152073732718894 0.001288659793814433 -0.002304147465437788 -0.002577319587628866
0 0.001152073732718894 0.001288659793814433 -0.002304147465437788 -0.002577319587628866
0 0.32027649769585254 0.2152061855670103 0.06451612903225806 0.16752577319587628
0 0.2350230414746544 0.22036082474226804 0.06451612903225806 0.16237113402061856
0 0.18548387096774194 0.2461340206185567 0.06221198156682028 0.16237113402061856
0 0.35253456221198154 0.06443298969072164 0.03225806451612903 0.08247422680412371
0 0.20622119815668202 0.15721649484536082 0.052995391705069124 0.13917525773195877
