0 0.12259145733652313 0.4947916666666667 0.08667187500000001 0.26875
0 0.2686528110047847 0.5146719858156028 0.038968749999999996 0.12083333333333333
0 0.37734375000000003 0.5208333333333334 0.057781250000000034 0.17916666666666667
0 0.4188471889952153 0.5200465425531915 0.06097623005319153 0.18907358156028367
0 0.4703448963317383 0.5072916666666667 0.043671874999999985 0.13541666666666666
0 0.6157221889952154 0.5166666666666666 0.10346874999999996 0.3208333333333333
0 0.713346042663477 0.5364140070921986 0.10145312500000002 0.3145833333333333
0 0.27829321172248805 0.5138076241134751 0.0391117021276596 0.1212765957446809
0 0.43299815590111645 0.510616134751773 0.03842553191489362 0.11914893617021273
0 0.8540507874800639 0.5287012411347518 0.05009042553191492 0.15531914893617024
