0 0.2672811059907834 0.6134020618556701 0.14746543778801843 0.22164948453608246
0 0.2315668202764977 0.1481958762886598 0.0576036866359447 0.14690721649484537
0 0.32373271889400923 0.15077319587628865 0.0576036866359447 0.14690721649484537
0 0.35368663594470046 0.3904639175257732 0.0944700460829493 0.24484536082474226
0 0.24193548387096775 0.38917525773195877 0.10138248847926268 0.26804123711340205
0 0.2626728110599078 0.43556701030927836 0.11059907834101382 0.28865979381443296
0 0.37557603686635943 0.5644329896907216 0.1336405529953917 0.3247422680412371
0 0.4988479262672811 0.5695876288659794 0.1359447004608295 0.31443298969072164
0 0.001152073732718894 0.001288659793814433 -0.002304147465437788 -0.002577319587628866
0 0.001152073732718894 0.001288659793814433 -0.002304147465437788 -0.002577319587628866
0 0.001152073732718894 0.001288659793814433 -0.002304147465437788 -0.002577319587628866
0 0.001152073732718894 0.001288659793814433 -0.002304147465437788 -0.002577319587628866
0 0.001152073732718894 0.001288659793814433 -0.002304147465437788 -0.002577319587628866
0 0.001152073732718894 0.001288659793814433 -0.002304147465437788 -0.002577319587628866
0 0.001152073732718894 0.001288659793814433 -0.002304147465437788 -0.002577319587628866
0 0.001152073732718894 0.001288659793814433 -0.002304147465437788 -0.002577319587628866
0 0.23271889400921658 0.05412371134020619 0.03686635944700461 0.0979381443298969
