0 0.6015625 0.6010416666666667 0.040625 0.13125
0 0.39609375 0.609375 0.045312500000000006 0.14375
0 0.31953125000000004 0.6020833333333333 0.045312500000000006 0.1375
0 0.28671875 0.615625 0.045312500000000006 0.13958333333333334
0 0.26015625000000003 0.60625 0.045312500000000006 0.14166666666666666
0 0.23203125000000002 0.6114583333333333 0.051562500000000004 0.15625
0 0.20859375000000002 0.6114583333333333 0.045312500000000006 0.13958333333333334
0 0.19453125000000002 0.6135416666666667 0.0484375 0.15208333333333332
0 0.17421875 0.6083333333333333 0.0484375 0.15416666666666667
0 0.12421875 0.603125 0.0421875 0.13125
0 0.08515625 0.5979166666666667 0.0484375 0.15
0 0.02734375 0.5958333333333333 0.045312500000000006 0.1375
