0 0.1203125 0.528125 0.23750000000000002 0.9395833333333333
0 0.22421875000000002 0.49374999999999997 0.060937500000000006 0.1875
0 0.2671875 0.49374999999999997 0.059375000000000004 0.1875
0 0.31796875 0.5010416666666666 0.051562500000000004 0.16458333333333333
0 0.43515625 0.5125 0.09531250000000001 0.29583333333333334
0 0.50625 0.51875 0.096875 0.3
0 0.35546875 0.5041666666666667 0.0328125 0.1
0 0.72421875 0.5364583333333334 0.08281250000000001 0.25625
0 0.6804687500000001 0.5302083333333333 0.0484375 0.15208333333333332
0 0.628125 0.525 0.043750000000000004 0.1375
0 0.33828125000000003 0.5072916666666667 0.035937500000000004 0.11041666666666666
