0 0.27407500996810213 0.5083333333333333 0.09943750000000003 0.30833333333333335
0 0.38203125000000004 0.51875 0.11556250000000001 0.35833333333333334
0 0.4296875 0.49895833333333334 0.03829687499999999 0.11875
0 0.46640625 0.49583333333333335 0.025531249999999964 0.07916666666666666
0 0.50703125 0.5 0.030906249999999958 0.09583333333333333
0 0.53125 0.4979166666666667 0.025531249999999964 0.07916666666666666
0 0.5538414573365232 0.496875 0.034265625000000015 0.10625
0 0.59296875 0.5020833333333333 0.03628125000000004 0.1125
0 0.6625000000000001 0.5114583333333333 0.05173437500000003 0.16041666666666665
0 0.7445312500000001 0.509375 0.1283281250000001 0.39791666666666664
0 0.799947449411882 0.5177083333333333 0.09070312499999994 0.28125
0 0.48046875 0.4947916666666667 0.02485937500000004 0.07708333333333334
