0 0.001152073732718894 0.001288659793814433 -0.002304147465437788 -0.002577319587628866
0 0.27880184331797236 0.2860824742268041 0.08294930875576037 0.22164948453608246
0 0.45161290322580644 0.2912371134020619 0.08755760368663594 0.23195876288659795
0 0.001152073732718894 0.001288659793814433 -0.002304147465437788 -0.002577319587628866
0 0.001152073732718894 0.001288659793814433 -0.002304147465437788 -0.002577319587628866
0 0.001152073732718894 0.001288659793814433 -0.002304147465437788 -0.002577319587628866
0 0.32373271889400923 0.2461340206185567 0.07142857142857142 0.18298969072164947
0 0.3847926267281106 0.25 0.06912442396313365 0.18041237113402062
0 0.001152073732718894 0.001288659793814433 -0.002304147465437788 -0.002577319587628866
0 0.001152073732718894 0.001288659793814433 -0.002304147465437788 -0.002577319587628866
0 0.1923963133640553 0.2461340206185567 0.07603686635944701 0.19845360824742267
0 0.31451612903225806 0.5786082474226804 0.14055299539170507 0.30670103092783507
0 0.5460829493087558 0.5760309278350515 0.14746543778801843 0.3015463917525773
0 0.4112903225806452 0.5902061855670103 0.1359447004608295 0.27835051546391754
0 0.6382488479262672 0.5914948453608248 0.12903225806451613 0.2706185567010309
0 0.001152073732718894 0.001288659793814433 -0.002304147465437788 -0.002577319587628866
0 0.16013824884792627 0.08891752577319588 0.03456221198156682 0.09536082474226804
