0 0.17500000000000002 0.490625 0.061140625 0.18958333333333333
0 0.3953125 0.5052083333333334 0.061140625 0.18958333333333333
0 0.4765625 0.509375 0.06382812500000004 0.19791666666666666
0 0.5609375 0.5197916666666667 0.06517187499999998 0.20208333333333334
0 0.6234375000000001 0.5135416666666667 0.03829687499999999 0.11875
0 0.8515625 0.5354166666666667 0.08734374999999997 0.2708333333333333
0 0.2390625 0.4979166666666667 0.04568750000000002 0.14166666666666666
0 0.34687500000000004 0.49583333333333335 0.04165625 0.12916666666666665
0 0.2921875 0.49583333333333335 0.038968749999999996 0.12083333333333333
0 0.6687500000000001 0.5270833333333333 0.053749999999999964 0.16666666666666666
0 0.9082772627591705 0.5308289007092201 0.08165425531914892 0.2531914893617021
