0 0.30069124423963134 0.5347938144329897 0.12211981566820276 0.32216494845360827
0 0.2488479262672811 0.13015463917525774 0.05069124423963134 0.13659793814432988
0 0.315668202764977 0.1327319587628866 0.05529953917050691 0.14175257731958762
0 0.31682027649769584 0.31829896907216493 0.07603686635944701 0.19845360824742267
0 0.21774193548387097 0.3131443298969072 0.08064516129032258 0.21391752577319587
0 0.5483870967741935 0.5438144329896907 0.14285714285714285 0.37628865979381443
0 0.5483870967741935 0.5966494845360825 0.14285714285714285 0.06958762886597938
0 0.001152073732718894 0.001288659793814433 -0.002304147465437788 -0.002577319587628866
0 0.001152073732718894 0.001288659793814433 -0.002304147465437788 -0.002577319587628866
0 0.001152073732718894 0.001288659793814433 -0.002304147465437788 -0.002577319587628866
0 0.001152073732718894 0.001288659793814433 -0.002304147465437788 -0.002577319587628866
0 0.001152073732718894 0.001288659793814433 -0.002304147465437788 -0.002577319587628866
0 0.001152073732718894 0.001288659793814433 -0.002304147465437788 -0.002577319587628866
0 0.001152073732718894 0.001288659793814433 -0.002304147465437788 -0.002577319587628866
0 0.001152073732718894 0.001288659793814433 -0.002304147465437788 -0.002577319587628866
0 0.2108294930875576 0.05412371134020619 0.03917050691244239 0.10309278350515463
0 0.3974654377880184 0.6327319587628866 0.14516129032258066 0.19845360824742267
