0 0.8656250000000001 0.528125 0.08532812500000003 0.26458333333333334
0 0.6796875 0.5270833333333333 0.0725625 0.225
0 0.56796875 0.5083333333333333 0.04031250000000002 0.125
0 0.515625 0.5239583333333333 0.07860937500000001 0.24375
0 0.34375 0.521875 0.139078125 0.43124999999999997
0 0.25078125 0.5135416666666667 0.11085937500000004 0.34375
0 0.055468750000000004 0.4864583333333333 0.08264062500000001 0.25625
0 0.14375000000000002 0.50625 0.07121875 0.22083333333333333
0 0.18828125 0.48854166666666665 0.05979687499999997 0.18541666666666667
0 0.8054687500000001 0.5489583333333333 0.08129687499999996 0.2520833333333333
0 0.46412729266347696 0.5067929964539009 0.034587267287234005 0.1072473404255317
