0 0.0 0.0 0.0 0.0
0 0.23046875 0.3541666666666667 0.08062500000000002 0.25
0 0.35625 0.35833333333333334 0.0833125 0.2583333333333333
0 0.0 0.0 0.0 0.0
0 0.0 0.0 0.0 0.0
0 0.0 0.0 0.0 0.0
0 0.18203125 0.14375 0.03628125000000002 0.1125
0 0.2265625 0.14583333333333334 0.038968749999999996 0.12083333333333333
0 0.0 0.0 0.0 0.0
0 0.0 0.0 0.0 0.0
0 0.0 0.0 0.0 0.0
0 0.1796875 0.2864583333333333 0.061140625 0.18958333333333333
0 0.3359375 0.28541666666666665 0.06315624999999998 0.19583333333333333
0 0.2859375 0.29583333333333334 0.05912500000000001 0.18333333333333332
0 0.38593750000000004 0.29583333333333334 0.057781250000000034 0.17916666666666667
0 0.1421875 0.07083333333333333 0.024187500000000008 0.075
0 0.11110882675438596 0.065625 0.028890625000000003 0.08958333333333333
