0 0.0 0.0 0.0 0.0
0 0.20625000000000002 0.26075132978723403 0.05934085771276596 0.18400265957446807
0 0.3264759021132377 0.26591090425531916 0.06266878324468084 0.1943218085106383
0 0.0 0.0 0.0 0.0
0 0.0 0.0 0.0 0.0
0 0.0 0.0 0.0 0.0
0 0.18203125 0.175 0.043 0.13333333333333333
0 0.23828125 0.17916666666666667 0.04300000000000002 0.13333333333333333
0 0.0 0.0 0.0 0.0
0 0.0 0.0 0.0 0.0
0 0.0 0.0 0.0 0.0
0 0.203125 0.3927083333333333 0.07995312499999999 0.24791666666666667
0 0.340625 0.40208333333333335 0.080625 0.25
0 0.26171875 0.41041666666666665 0.07793749999999999 0.24166666666666667
0 0.40390625 0.4114583333333333 0.07457812500000004 0.23124999999999998
0 0.15000000000000002 0.05625 0.02284375000000001 0.07083333333333333
