0 0.001152073732718894 0.001288659793814433 -0.002304147465437788 -0.002577319587628866
0 0.2523041474654378 0.2152061855670103 0.07142857142857142 0.18298969072164947
0 0.391705069124424 0.2152061855670103 0.07373271889400922 0.18814432989690721
0 0.4078341013824885 0.6688144329896907 0.12903225806451613 0.11597938144329897
0 0.2834101382488479 0.6675257731958762 0.1382488479262673 0.12886597938144329
0 0.001152073732718894 0.001288659793814433 -0.002304147465437788 -0.002577319587628866
0 0.347926267281106 0.3376288659793814 0.08755760368663594 0.2268041237113402
0 0.44930875576036866 0.3389175257731959 0.08294930875576037 0.2190721649484536
0 0.001152073732718894 0.001288659793814433 -0.002304147465437788 -0.002577319587628866
0 0.001152073732718894 0.001288659793814433 -0.002304147465437788 -0.002577319587628866
0 0.27764976958525345 0.3917525773195876 0.10829493087557604 0.27835051546391754
0 0.001152073732718894 0.001288659793814433 -0.002304147465437788 -0.002577319587628866
0 0.001152073732718894 0.001288659793814433 -0.002304147465437788 -0.002577319587628866
0 0.001152073732718894 0.001288659793814433 -0.002304147465437788 -0.002577319587628866
0 0.001152073732718894 0.001288659793814433 -0.002304147465437788 -0.002577319587628866
0 0.001152073732718894 0.001288659793814433 -0.002304147465437788 -0.002577319587628866
0 0.24308755760368664 0.07860824742268041 0.04377880184331797 0.11082474226804123
