0 0.0 0.0 0.0 0.0
0 0.0 0.0 0.0 0.0
0 0.0 0.0 0.0 0.0
0 0.0 0.0 0.0 0.0
0 0.0 0.0 0.0 0.0
0 0.0 0.0 0.0 0.0
0 0.1546875 0.08541666666666667 0.028218750000000004 0.0875
0 0.20468750000000002 0.08854166666666667 0.028890625000000017 0.08958333333333333
0 0.0 0.0 0.0 0.0
0 0.0 0.0 0.0 0.0
0 0.0 0.0 0.0 0.0
0 0.0 0.0 0.0 0.0
0 0.13359375 0.17916666666666667 0.04703125 0.14583333333333334
0 0.0 0.0 0.0 0.0
0 0.0 0.0 0.0 0.0
0 0.13671875 0.14479166666666665 0.03560937500000001 0.11041666666666666
0 0.24282608153907495 0.050742464539007055 0.020635139627659574 0.06398492907801412
0 0.0 0.0 0.0 0.0
0 0.0 0.0 0.0 0.0
0 0.20390625 0.3458333333333333 0.07928125000000003 0.24583333333333332
