0 0.14765625000000002 0.5177083333333333 0.100109375 0.3104166666666667
0 0.21939814468700158 0.5427083333333333 0.17804687500000005 0.5520833333333334
0 0.3171875 0.5083333333333333 0.057781249999999985 0.17916666666666667
0 0.359375 0.5052083333333334 0.030234374999999994 0.09375
0 0.4296875 0.5079011524822695 0.031185006648936132 0.09669769503546087
0 0.47265625 0.5104166666666666 0.034937500000000024 0.10833333333333334
0 0.51328125 0.5135416666666667 0.03560937500000003 0.11041666666666666
0 0.5438795853269538 0.5130651595744682 0.03863281249999995 0.11979166666666655
0 0.603125 0.5254321808510639 0.05347124335106379 0.16580230496453888
0 0.7046875 0.521875 0.03829687499999999 0.11875
0 0.81015625 0.540625 0.117578125 0.3645833333333333
0 0.39140625 0.5072916666666667 0.027546874999999995 0.08541666666666667
