0 0.2672811059907834 0.6559278350515464 0.14285714285714285 0.15206185567010308
0 0.2315668202764977 0.15850515463917525 0.0576036866359447 0.15206185567010308
0 0.31797235023041476 0.16108247422680413 0.059907834101382486 0.15721649484536082
0 0.3790322580645161 0.42010309278350516 0.08986175115207373 0.23195876288659795
0 0.29377880184331795 0.41881443298969073 0.10368663594470046 0.2654639175257732
0 0.2073732718894009 0.4265463917525773 0.11981566820276497 0.3118556701030928
0 0.391705069124424 0.5373711340206185 0.12442396313364056 0.32216494845360827
0 0.5046082949308756 0.5335051546391752 0.12903225806451613 0.32989690721649484
0 0.10599078341013825 0.6314432989690721 0.14746543778801843 0.20618556701030927
0 0.001152073732718894 0.001288659793814433 -0.002304147465437788 -0.002577319587628866
0 0.001152073732718894 0.001288659793814433 -0.002304147465437788 -0.002577319587628866
0 0.001152073732718894 0.001288659793814433 -0.002304147465437788 -0.002577319587628866
0 0.001152073732718894 0.001288659793814433 -0.002304147465437788 -0.002577319587628866
0 0.001152073732718894 0.001288659793814433 -0.002304147465437788 -0.002577319587628866
0 0.001152073732718894 0.001288659793814433 -0.002304147465437788 -0.002577319587628866
0 0.2672811059907834 0.06572164948453608 0.041474654377880185 0.11082474226804123
