0 0.001152073732718894 0.001288659793814433 -0.002304147465437788 -0.002577319587628866
0 0.4078341013824885 0.5579896907216495 0.15207373271889402 0.3427835051546392
0 0.6324884792626728 0.5644329896907216 0.14055299539170507 0.32989690721649484
0 0.001152073732718894 0.001288659793814433 -0.002304147465437788 -0.002577319587628866
0 0.001152073732718894 0.001288659793814433 -0.002304147465437788 -0.002577319587628866
0 0.001152073732718894 0.001288659793814433 -0.002304147465437788 -0.002577319587628866
0 0.2799539170506912 0.15206185567010308 0.052995391705069124 0.13402061855670103
0 0.33064516129032256 0.15077319587628865 0.04838709677419355 0.12628865979381443
0 0.001152073732718894 0.001288659793814433 -0.002304147465437788 -0.002577319587628866
0 0.001152073732718894 0.001288659793814433 -0.002304147465437788 -0.002577319587628866
0 0.001152073732718894 0.001288659793814433 -0.002304147465437788 -0.002577319587628866
0 0.24539170506912442 0.2757731958762887 0.07603686635944701 0.1958762886597938
0 0.38940092165898615 0.2757731958762887 0.07373271889400922 0.19072164948453607
0 0.33064516129032256 0.2809278350515464 0.07142857142857142 0.18041237113402062
0 0.44239631336405527 0.28737113402061853 0.06912442396313365 0.18298969072164947
0 0.19470046082949308 0.1095360824742268 0.03917050691244239 0.1056701030927835
0 0.2857142857142857 0.07474226804123711 0.041474654377880185 0.10309278350515463
