0 0.12970334305223286 0.559375 0.226421875 0.7020833333333333
0 0.18125 0.53125 0.1531875 0.475
0 0.2703125 0.51875 0.06315624999999998 0.19583333333333333
0 0.3281897926634769 0.509375 0.034265625000000015 0.10625
0 0.40937500000000004 0.509375 0.030234375000000036 0.09375
0 0.45703125 0.5104166666666666 0.04031250000000002 0.125
0 0.496875 0.509375 0.034265625000000015 0.10625
0 0.52734375 0.509375 0.04098437500000003 0.12708333333333333
0 0.5921875 0.528125 0.055765625 0.17291666666666666
0 0.6312500000000001 0.5145833333333333 0.03628125000000004 0.1125
0 0.8453125 0.54375 0.13840624999999998 0.42916666666666664
0 0.36562500000000003 0.509375 0.030234374999999994 0.09375
0 0.9114670554226475 0.5404033687943264 0.0864574468085106 0.2680851063829788
