0 0.001152073732718894 0.001288659793814433 -0.002304147465437788 -0.002577319587628866
0 0.26497695852534564 0.24355670103092783 0.07834101382488479 0.19845360824742267
0 0.43894009216589863 0.2461340206185567 0.07603686635944701 0.2036082474226804
0 0.001152073732718894 0.001288659793814433 -0.002304147465437788 -0.002577319587628866
0 0.001152073732718894 0.001288659793814433 -0.002304147465437788 -0.002577319587628866
0 0.001152073732718894 0.001288659793814433 -0.002304147465437788 -0.002577319587628866
0 0.33064516129032256 0.2899484536082474 0.07603686635944701 0.2036082474226804
0 0.39400921658986177 0.29381443298969073 0.08294930875576037 0.211340206185567
0 0.001152073732718894 0.001288659793814433 -0.002304147465437788 -0.002577319587628866
0 0.001152073732718894 0.001288659793814433 -0.002304147465437788 -0.002577319587628866
0 0.21889400921658986 0.31443298969072164 0.09216589861751152 0.23711340206185566
0 0.3778801843317972 0.6649484536082474 0.1382488479262673 0.15463917525773196
0 0.6417050691244239 0.6662371134020618 0.14516129032258066 0.14175257731958762
0 0.4930875576036866 0.6855670103092784 0.059907834101382486 0.08762886597938144
0 0.7200460829493087 0.6804123711340206 0.14516129032258066 0.10309278350515463
0 0.001152073732718894 0.001288659793814433 -0.002304147465437788 -0.002577319587628866
0 0.1578341013824885 0.08634020618556701 0.03917050691244239 0.10051546391752578
