0 0.001152073732718894 0.001288659793814433 -0.002304147465437788 -0.002577319587628866
0 0.2707373271889401 0.2706185567010309 0.08525345622119816 0.21649484536082475
0 0.4573732718894009 0.27190721649484534 0.08525345622119816 0.22422680412371135
0 0.001152073732718894 0.001288659793814433 -0.002304147465437788 -0.002577319587628866
0 0.001152073732718894 0.001288659793814433 -0.002304147465437788 -0.002577319587628866
0 0.001152073732718894 0.001288659793814433 -0.002304147465437788 -0.002577319587628866
0 0.3248847926267281 0.259020618556701 0.07373271889400922 0.18814432989690721
0 0.3870967741935484 0.26417525773195877 0.07373271889400922 0.18814432989690721
0 0.001152073732718894 0.001288659793814433 -0.002304147465437788 -0.002577319587628866
0 0.001152073732718894 0.001288659793814433 -0.002304147465437788 -0.002577319587628866
0 0.19009216589861752 0.27190721649484534 0.08064516129032258 0.21391752577319587
0 0.34101382488479265 0.6056701030927835 0.1382488479262673 0.25773195876288657
0 0.5506912442396313 0.6056701030927835 0.15207373271889402 0.24742268041237114
0 0.41705069124423966 0.6237113402061856 0.14285714285714285 0.21649484536082475
0 0.6705069124423964 0.6211340206185567 0.12903225806451613 0.211340206185567
0 0.001152073732718894 0.001288659793814433 -0.002304147465437788 -0.002577319587628866
