0 0.001152073732718894 0.001288659793814433 -0.002304147465437788 -0.002577319587628866
0 0.42857142857142855 0.6082474226804123 0.15668202764976957 0.2422680412371134
0 0.6693548387096774 0.6198453608247423 0.15898617511520738 0.22938144329896906
0 0.001152073732718894 0.001288659793814433 -0.002304147465437788 -0.002577319587628866
0 0.001152073732718894 0.001288659793814433 -0.002304147465437788 -0.002577319587628866
0 0.001152073732718894 0.001288659793814433 -0.002304147465437788 -0.002577319587628866
0 0.2868663594470046 0.13917525773195877 0.052995391705069124 0.13402061855670103
0 0.32373271889400923 0.13788659793814434 0.04838709677419355 0.12628865979381443
0 0.001152073732718894 0.001288659793814433 -0.002304147465437788 -0.002577319587628866
0 0.001152073732718894 0.001288659793814433 -0.002304147465437788 -0.002577319587628866
0 0.001152073732718894 0.001288659793814433 -0.002304147465437788 -0.002577319587628866
0 0.16705069124423963 0.24355670103092783 0.07142857142857142 0.18298969072164947
0 0.35714285714285715 0.2384020618556701 0.06912442396313365 0.17783505154639176
0 0.29493087557603687 0.2461340206185567 0.06451612903225806 0.16752577319587628
0 0.36059907834101385 0.2615979381443299 0.06682027649769585 0.17268041237113402
0 0.19009216589861752 0.12886597938144329 0.04377880184331797 0.11855670103092783
0 0.34101382488479265 0.07216494845360824 0.03686635944700461 0.0979381443298969
