0 0.2695852534562212 0.595360824742268 0.1336405529953917 0.27319587628865977
0 0.23963133640552994 0.14175257731958762 0.05529953917050691 0.14432989690721648
0 0.326036866359447 0.14561855670103094 0.052995391705069124 0.14175257731958762
0 0.3387096774193548 0.3634020618556701 0.08755760368663594 0.2268041237113402
0 0.2350230414746544 0.36211340206185566 0.09216589861751152 0.2345360824742268
0 0.32142857142857145 0.4639175257731959 0.12211981566820276 0.31443298969072164
0 0.39055299539170507 0.5850515463917526 0.1359447004608295 0.28865979381443296
0 0.5472350230414746 0.5876288659793815 0.14055299539170507 0.28350515463917525
0 0.001152073732718894 0.001288659793814433 -0.002304147465437788 -0.002577319587628866
0 0.001152073732718894 0.001288659793814433 -0.002304147465437788 -0.002577319587628866
0 0.001152073732718894 0.001288659793814433 -0.002304147465437788 -0.002577319587628866
0 0.001152073732718894 0.001288659793814433 -0.002304147465437788 -0.002577319587628866
0 0.001152073732718894 0.001288659793814433 -0.002304147465437788 -0.002577319587628866
0 0.001152073732718894 0.001288659793814433 -0.002304147465437788 -0.002577319587628866
0 0.001152073732718894 0.001288659793814433 -0.002304147465437788 -0.002577319587628866
0 0.001152073732718894 0.001288659793814433 -0.002304147465437788 -0.002577319587628866
0 0.21428571428571427 0.05670103092783505 0.041474654377880185 0.10824742268041238
