0 0.001152073732718894 0.001288659793814433 -0.002304147465437788 -0.002577319587628866
0 0.001152073732718894 0.001288659793814433 -0.002304147465437788 -0.002577319587628866
0 0.001152073732718894 0.001288659793814433 -0.002304147465437788 -0.002577319587628866
0 0.001152073732718894 0.001288659793814433 -0.002304147465437788 -0.002577319587628866
0 0.28110599078341014 0.1211340206185567 0.041474654377880185 0.1134020618556701
0 0.3225806451612903 0.1211340206185567 0.041474654377880185 0.10824742268041238
0 0.001152073732718894 0.001288659793814433 -0.002304147465437788 -0.002577319587628866
0 0.001152073732718894 0.001288659793814433 -0.002304147465437788 -0.002577319587628866
0 0.001152073732718894 0.001288659793814433 -0.002304147465437788 -0.002577319587628866
0 0.001152073732718894 0.001288659793814433 -0.002304147465437788 -0.002577319587628866
0 0.3029953917050691 0.21391752577319587 0.06221198156682028 0.16494845360824742
0 0.23732718894009217 0.21649484536082475 0.059907834101382486 0.15979381443298968
0 0.1774193548387097 0.24355670103092783 0.06451612903225806 0.16752577319587628
0 0.20506912442396313 0.15335051546391754 0.05069124423963134 0.13144329896907217
0 0.3548387096774194 0.06314432989690721 0.03225806451612903 0.07989690721649484
