0 0.28750000000000003 0.5229166666666667 0.078125 0.24583333333333332
0 0.40625 0.5322916666666666 0.096875 0.29791666666666666
0 0.4734375 0.5104166666666666 0.034375 0.10416666666666667
0 0.51875 0.515625 0.03125 0.09375
0 0.59296875 0.5177083333333333 0.035937500000000004 0.11041666666666666
0 0.6640625 0.5229166666666667 0.08750000000000001 0.2708333333333333
0 0.75390625 0.5302083333333333 0.07968750000000001 0.24791666666666667
0 0.78671875 0.5229166666666667 0.045312500000000006 0.14166666666666666
0 0.94453125 0.5385416666666667 0.11093750000000001 0.34791666666666665
0 0.56875 0.5166666666666666 0.028125 0.08333333333333333
0 0.4546875 0.5166666666666666 0.03125 0.1
