0 0.0 0.0 0.0 0.0
0 0.21127703847687399 0.2724756205673759 0.06287177526595743 0.19495124113475176
0 0.33671875 0.26903590425531915 0.06065315824468085 0.1880718085106383
0 0.0 0.0 0.0 0.0
0 0.0 0.0 0.0 0.0
0 0.0 0.0 0.0 0.0
0 0.18111231559011168 0.17395833333333333 0.043671875000000006 0.13541666666666666
0 0.0 0.0 0.0 0.0
0 0.0 0.0 0.0 0.0
0 0.0 0.0 0.0 0.0
0 0.20420653907496017 0.38229166666666664 0.07592187499999999 0.23541666666666666
0 0.35041990629984054 0.3875 0.07928125000000003 0.24583333333333332
0 0.2641821172248804 0.390625 0.07457812499999998 0.23124999999999998
0 0.4237963516746412 0.39375 0.06987500000000005 0.21666666666666667
0 0.1484375 0.057291666666666664 0.022171874999999997 0.06875
0 0.23545653907496017 0.17119680851063848 0.04300000000000002 0.13333333333333333
