0 0.0 0.0 0.0 0.0
0 0.17343750000000002 0.1875465425531915 0.05109251994680852 0.15842641843971633
0 0.28750000000000003 0.18333333333333332 0.04971874999999999 0.15416666666666667
0 0.0 0.0 0.0 0.0
0 0.0 0.0 0.0 0.0
0 0.0 0.0 0.0 0.0
0 0.23203125000000002 0.2520833333333333 0.05643750000000001 0.175
0 0.28046875 0.2552083333333333 0.05442187500000002 0.16875
0 0.0 0.0 0.0 0.0
0 0.0 0.0 0.0 0.0
0 0.15791654206539074 0.28020833333333334 0.06517187499999999 0.20208333333333334
0 0.32734375000000004 0.5729166666666666 0.012093750000000014 0.0375
0 0.5085937500000001 0.5854166666666667 0.004031249999999975 0.0125
0 0.0 0.0 0.0 0.0
0 0.0 0.0 0.0 0.0
0 0.0 0.0 0.0 0.0
0 0.1328125 0.06458333333333333 0.029562500000000005 0.09166666666666666
