0 0.20621760366826158 0.49895833333333334 0.034265625000000015 0.10625
0 0.2719073963317384 0.5150155141843972 0.04675249335106382 0.14496897163120567
0 0.3602858353269538 0.5010416666666666 0.062484375000000016 0.19375
0 0.434375 0.5145833333333333 0.05106250000000001 0.15833333333333333
0 0.51328125 0.5125 0.09003125000000001 0.2791666666666667
0 0.609375 0.5229166666666667 0.09137500000000004 0.2833333333333333
0 0.4 0.5354166666666667 0.03628125000000004 0.1125
0 0.40030278110047846 0.4989140070921985 0.02813297872340428 0.08723404255319155
0 0.456921600877193 0.5180629432624113 0.04460106382978717 0.13829787234042545
0 0.29902686403508766 0.5116799645390071 0.02538829787234045 0.07872340425531921
