0 0.0 0.0 0.0 0.0
0 0.0 0.0 0.0 0.0
0 0.0 0.0 0.0 0.0
0 0.0 0.0 0.0 0.0
0 0.0 0.0 0.0 0.0
0 0.0 0.0 0.0 0.0
0 0.0 0.0 0.0 0.0
0 0.35468750000000004 0.28020833333333334 0.03829687499999999 0.11875
0 0.3275244218500798 0.3104166666666667 0.04568750000000002 0.14166666666666666
0 0.24609375 0.27708333333333335 0.034937500000000024 0.10833333333333334
0 0.215625 0.3416666666666667 0.038968749999999996 0.12083333333333333
0 0.20845606559011165 0.31979166666666664 0.03964062500000001 0.12291666666666666
0 0.22636376096491226 0.29720079787234044 0.03405548537234045 0.10559840425531916
