0 0.34517045454545453 0.578125 0.1278409090909091 0.4895833333333333
0 0.36647727272727276 0.3663194444444444 0.09659090909090909 0.2048611111111111
0 0.38920454545454547 0.3020833333333333 0.06818181818181818 0.2222222222222222
0 0.44886363636363635 0.4427083333333333 0.10227272727272728 0.517361111111111
0 0.5042613636363636 0.5225694444444444 0.08238636363636363 0.5243055555555556
0 0.5553977272727273 0.3038194444444444 0.06534090909090909 0.17013888888888887
0 0.5823863636363636 0.5746527777777778 0.10795454545454546 0.5451388888888888
0 0.7471590909090909 0.5399305555555556 0.13636363636363635 0.5104166666666666
0 0.8409090909090909 0.10763888888888888 0.11363636363636365 0.20833333333333331
0 0.9488636363636364 0.11284722222222221 0.07954545454545454 0.21875
