0 0.0 0.0 0.0 0.0
0 0.17324000697767145 0.19080452127659572 0.05453766622340426 0.16910904255319145
0 0.2865380781499202 0.18333333333333332 0.04971874999999999 0.15416666666666667
0 0.0 0.0 0.0 0.0
0 0.23671875 0.2583333333333333 0.057781249999999985 0.17916666666666667
0 0.2890625 0.25729166666666664 0.055765625 0.17291666666666666
0 0.0 0.0 0.0 0.0
0 0.0 0.0 0.0 0.0
0 0.16296413975279106 0.290625 0.066515625 0.20625
0 0.0 0.0 0.0 0.0
0 0.0 0.0 0.0 0.0
0 0.0 0.0 0.0 0.0
0 0.0 0.0 0.0 0.0
0 0.14025306519138755 0.06458333333333333 0.029562500000000005 0.09166666666666666
