0 0.27578125000000003 0.5291666666666667 0.07793749999999999 0.24166666666666667
0 0.3359375 0.5083333333333333 0.06853125000000003 0.2125
0 0.35486268939393945 0.5041666666666667 0.05375000000000001 0.16666666666666666
0 0.48281250000000003 0.509375 0.03695312499999997 0.11458333333333333
0 0.509375 0.509375 0.03695312499999997 0.11458333333333333
0 0.51875 0.5489583333333333 0.034265625000000015 0.10625
0 0.5453125 0.5177083333333333 0.05173437500000003 0.16041666666666665
0 0.64375 0.54375 0.11421874999999995 0.3541666666666667
0 0.7641596889952154 0.5240469858156027 0.05845312500000004 0.18125
0 0.45234375000000004 0.503125 0.028890625000000017 0.08958333333333333
