0 0.38906250000000003 0.6 0.040625 0.12916666666666665
0 0.26484375 0.5989583333333334 0.0421875 0.13125
0 0.6976562500000001 0.5958333333333333 0.0390625 0.125
0 0.64609375 0.596875 0.0390625 0.12291666666666666
0 0.62421875 0.603125 0.0390625 0.11875
0 0.56640625 0.596875 0.0390625 0.12291666666666666
0 0.515625 0.596875 0.040625 0.12708333333333333
0 0.54140625 0.603125 0.0390625 0.12291666666666666
0 0.79609375 0.5958333333333333 0.0390625 0.125
0 0.7835937500000001 0.6010416666666667 0.0390625 0.12291666666666666
0 0.76875 0.6041666666666666 0.037500000000000006 0.12083333333333333
0 0.74140625 0.5979166666666667 0.0421875 0.12916666666666665
0 0.9750000000000001 0.5885416666666666 0.043750000000000004 0.13541666666666666
0 0.9031250000000001 0.5958333333333333 0.040625 0.125
0 0.9304687500000001 0.6166666666666667 0.0484375 0.14583333333333334
