0 0.07500000000000001 0.5072916666666667 0.10625000000000001 0.33125
0 0.1640625 0.4979166666666667 0.109375 0.3416666666666667
0 0.22812500000000002 0.503125 0.084375 0.2604166666666667
0 0.31953125000000004 0.5104166666666666 0.0703125 0.21666666666666667
0 0.35468750000000004 0.4864583333333333 0.037500000000000006 0.11458333333333333
0 0.26328125 0.49166666666666664 0.0421875 0.13333333333333333
0 0.43593750000000003 0.4927083333333333 0.034375 0.11041666666666666
0 0.40234375 0.484375 0.0328125 0.09791666666666667
0 0.97578125 0.48854166666666665 0.0421875 0.12708333333333333
0 0.53515625 0.4895833333333333 0.026562500000000003 0.08333333333333333
0 0.46718750000000003 0.5114583333333333 0.028125 0.07291666666666667
