0 0.001152073732718894 0.001288659793814433 -0.002304147465437788 -0.002577319587628866
0 0.24193548387096775 0.19845360824742267 0.06912442396313365 0.17525773195876287
0 0.37557603686635943 0.20103092783505155 0.06912442396313365 0.18041237113402062
0 0.41359447004608296 0.6185567010309279 0.14516129032258066 0.23195876288659795
0 0.2868663594470046 0.6121134020618556 0.14516129032258066 0.23969072164948454
0 0.001152073732718894 0.001288659793814433 -0.002304147465437788 -0.002577319587628866
0 0.391705069124424 0.3672680412371134 0.08755760368663594 0.22422680412371135
0 0.4861751152073733 0.375 0.09216589861751152 0.24484536082474226
0 0.001152073732718894 0.001288659793814433 -0.002304147465437788 -0.002577319587628866
0 0.001152073732718894 0.001288659793814433 -0.002304147465437788 -0.002577319587628866
0 0.3790322580645161 0.4497422680412371 0.10368663594470046 0.2706185567010309
0 0.001152073732718894 0.001288659793814433 -0.002304147465437788 -0.002577319587628866
0 0.001152073732718894 0.001288659793814433 -0.002304147465437788 -0.002577319587628866
0 0.001152073732718894 0.001288659793814433 -0.002304147465437788 -0.002577319587628866
0 0.001152073732718894 0.001288659793814433 -0.002304147465437788 -0.002577319587628866
0 0.001152073732718894 0.001288659793814433 -0.002304147465437788 -0.002577319587628866
0 0.2880184331797235 0.07603092783505154 0.041474654377880185 0.1056701030927835
