0 0.001152073732718894 0.001288659793814433 -0.002304147465437788 -0.002577319587628866
0 0.2672811059907834 0.25773195876288657 0.08294930875576037 0.211340206185567
0 0.45852534562211983 0.26417525773195877 0.08294930875576037 0.21391752577319587
0 0.001152073732718894 0.001288659793814433 -0.002304147465437788 -0.002577319587628866
0 0.001152073732718894 0.001288659793814433 -0.002304147465437788 -0.002577319587628866
0 0.001152073732718894 0.001288659793814433 -0.002304147465437788 -0.002577319587628866
0 0.326036866359447 0.27319587628865977 0.07603686635944701 0.1958762886597938
0 0.39055299539170507 0.2757731958762887 0.07603686635944701 0.1958762886597938
0 0.001152073732718894 0.001288659793814433 -0.002304147465437788 -0.002577319587628866
0 0.001152073732718894 0.001288659793814433 -0.002304147465437788 -0.002577319587628866
0 0.20506912442396313 0.2899484536082474 0.08755760368663594 0.22422680412371135
0 0.315668202764977 0.6108247422680412 0.15207373271889402 0.24742268041237114
0 0.5622119815668203 0.6314432989690721 0.1336405529953917 0.19072164948453607
0 0.41705069124423966 0.6417525773195876 0.14285714285714285 0.18041237113402062
0 0.6820276497695853 0.6378865979381443 0.1152073732718894 0.19329896907216496
0 0.001152073732718894 0.001288659793814433 -0.002304147465437788 -0.002577319587628866
0 0.16013824884792627 0.08891752577319588 0.03456221198156682 0.09536082474226804
