0 0.2730414746543779 0.6237113402061856 0.16359447004608296 0.20618556701030927
0 0.22811059907834103 0.1481958762886598 0.05529953917050691 0.14690721649484537
0 0.32373271889400923 0.15206185567010308 0.0576036866359447 0.14432989690721648
0 0.358294930875576 0.3943298969072165 0.08986175115207373 0.23711340206185566
0 0.23732718894009217 0.38273195876288657 0.09216589861751152 0.24484536082474226
0 0.24539170506912442 0.4381443298969072 0.1175115207373272 0.30927835051546393
0 0.37442396313364057 0.5670103092783505 0.12211981566820276 0.3247422680412371
0 0.4930875576036866 0.5695876288659794 0.1336405529953917 0.3247422680412371
0 0.001152073732718894 0.001288659793814433 -0.002304147465437788 -0.002577319587628866
0 0.001152073732718894 0.001288659793814433 -0.002304147465437788 -0.002577319587628866
0 0.001152073732718894 0.001288659793814433 -0.002304147465437788 -0.002577319587628866
0 0.001152073732718894 0.001288659793814433 -0.002304147465437788 -0.002577319587628866
0 0.001152073732718894 0.001288659793814433 -0.002304147465437788 -0.002577319587628866
0 0.001152073732718894 0.001288659793814433 -0.002304147465437788 -0.002577319587628866
0 0.001152073732718894 0.001288659793814433 -0.002304147465437788 -0.002577319587628866
0 0.001152073732718894 0.001288659793814433 -0.002304147465437788 -0.002577319587628866
0 0.23732718894009217 0.05798969072164949 0.041474654377880185 0.1056701030927835
