0 0.10859375 0.49895833333333334 0.21406250000000002 0.8395833333333333
0 0.18671875000000002 0.5114583333333333 0.1328125 0.41041666666666665
0 0.33828125000000003 0.4864583333333333 0.035937500000000004 0.11458333333333333
0 0.36640625000000004 0.496875 0.0328125 0.09791666666666667
0 0.38671875 0.49166666666666664 0.026562500000000003 0.08333333333333333
0 0.40468750000000003 0.49166666666666664 0.028125 0.0875
0 0.43046875 0.49374999999999997 0.0328125 0.10416666666666667
0 0.47734375 0.496875 0.029687500000000002 0.09375
0 0.51328125 0.496875 0.0328125 0.09791666666666667
0 0.634375 0.5020833333333333 0.037500000000000006 0.12083333333333333
