0 0.11015625000000001 0.48541666666666666 0.07390625 0.22916666666666666
0 0.19296875000000002 0.49583333333333335 0.06449999999999999 0.2
0 0.23125 0.490625 0.04904687499999998 0.15208333333333332
0 0.321875 0.5072916666666667 0.08801562500000003 0.27291666666666664
0 0.41015625 0.5072916666666667 0.10548437499999999 0.32708333333333334
0 0.5484375 0.5135416666666667 0.07592187499999997 0.23541666666666666
0 0.4789710426634769 0.4947916666666667 0.03695312499999997 0.11458333333333333
0 0.890625 0.515625 0.083984375 0.2604166666666667
0 0.8272789573365231 0.5291334219858157 0.08467769281914883 0.26256648936170196
0 0.687389347836922 0.515625 0.066515625 0.20625
0 0.5906250000000001 0.4947916666666667 0.03829687499999999 0.11875
