0 0.11484375000000001 0.4507203014184397 0.0519416555851064 0.1610593971631206
0 0.05234375 0.4375 0.06046875000000001 0.1875
0 0.178125 0.44479166666666664 0.06785937500000001 0.21041666666666667
0 0.81015625 0.540625 0.139078125 0.43124999999999997
0 0.6664062500000001 0.46458333333333335 0.038968749999999996 0.12083333333333333
0 0.33290968899521534 0.45638297872340416 0.044343749999999994 0.1375
0 0.740689792663477 0.46875 0.04165625000000004 0.12916666666666665
0 0.23124376993620419 0.4329565602836879 0.081654255319149 0.2531914893617022
0 0.7551672149122807 0.46912677304964534 0.04048404255319156 0.12553191489361712
0 0.4441624302232855 0.4723182624113475 0.03019148936170213 0.09361702127659571
0 0.3636201654704944 0.4510416666666667 0.0274468085106383 0.08510638297872337
0 0.28706514154704943 0.46380762411347515 0.04117021276595745 0.12765957446808507
0 0.14432191985645934 0.44040336879432623 0.054893617021276625 0.1702127659574469
0 0.08291841108452952 0.44040336879432623 0.04940425531914897 0.1531914893617022
0 0.2695212818979266 0.46380762411347515 0.04117021276595745 0.12765957446808507
