0 0.0 0.0 0.0 0.0
0 0.25234375000000003 0.38229166666666664 0.08667187500000001 0.26875
0 0.38125000000000003 0.3885416666666667 0.08801562500000003 0.27291666666666664
0 0.0 0.0 0.0 0.0
0 0.0 0.0 0.0 0.0
0 0.0 0.0 0.0 0.0
0 0.19375 0.13854166666666667 0.03695312499999999 0.11458333333333333
0 0.22812500000000002 0.13854166666666667 0.03695312500000001 0.11458333333333333
0 0.0 0.0 0.0 0.0
0 0.0 0.0 0.0 0.0
0 0.0 0.0 0.0 0.0
0 0.178125 0.2635416666666667 0.055765625 0.17291666666666666
0 0.29453125 0.265625 0.05979687499999997 0.18541666666666667
0 0.246875 0.2708045212765957 0.05507516622340423 0.17077570921985816
0 0.35519898823763957 0.26875 0.05106250000000001 0.15833333333333333
0 0.140625 0.07604166666666666 0.024859374999999996 0.07708333333333334
0 0.1203125 0.065625 0.030234375000000015 0.09375
