0 0.375 0.5041666666666667 0.04568750000000002 0.14166666666666666
0 0.421875 0.5160793439716314 0.04606632313829784 0.1428413120567374
0 0.45937500000000003 0.5020833333333333 0.03224999999999998 0.1
0 0.4875323963317385 0.5052083333333334 0.03695312499999997 0.11458333333333333
0 0.5125000000000001 0.509375 0.034265625000000015 0.10625
0 0.6266272926634768 0.509375 0.05442187499999998 0.16875
0 0.6976562500000001 0.5354166666666667 0.134375 0.4166666666666667
0 0.8296875 0.5583333333333333 0.11959374999999994 0.37083333333333335
0 0.8670903110047846 0.5177083333333333 0.054421875000000064 0.16875
0 0.952934360047847 0.49572251773049664 0.0274468085106383 0.08510638297872337
0 0.9688833233652311 0.49572251773049664 0.0274468085106383 0.08510638297872337
0 0.9258211224082935 0.49146719858156046 0.01784042553191494 0.05531914893617026
0 0.9146568480861245 0.49572251773049664 0.01784042553191494 0.05531914893617013
0 0.942567533891547 0.49359485815602855 0.0233297872340426 0.07234042553191493
