0 0.171875 0.528125 0.053078125000000004 0.16458333333333333
0 0.7190023736543063 0.538497340425532 0.04635937500000003 0.14375
0 0.49375 0.5333333333333333 0.04568750000000002 0.14166666666666666
0 0.4554316624302233 0.5307956560283688 0.04732430186170209 0.14674202127659572
0 0.42812500000000003 0.534375 0.04635937500000003 0.14375
0 0.39765625000000004 0.5286015070921986 0.052770777925531934 0.16363031914893622
0 0.375 0.5239583333333333 0.04904687499999998 0.15208333333333332
0 0.88671875 0.5552083333333333 0.03695312499999997 0.11458333333333333
0 0.14453125 0.5114583333333333 0.03157812499999999 0.09791666666666667
0 0.5726886463317385 0.5291666666666667 0.028218750000000004 0.0875
0 0.6422846889952153 0.5344193262411348 0.03157812499999997 0.09791666666666667
0 0.9258211224082935 0.5414671985815602 0.02813297872340428 0.08723404255319162
0 0.952934360047847 0.5446586879432623 0.026074468085106342 0.08085106382978727
