0 0.33359375 0.5354166666666667 0.05643750000000001 0.175
0 0.41250000000000003 0.5510416666666667 0.061140625 0.18958333333333333
0 0.39375000000000004 0.5375 0.038968750000000045 0.12083333333333333
0 0.46406250000000004 0.5447916666666667 0.05979687499999997 0.18541666666666667
0 0.49453125000000003 0.565625 0.03695312499999997 0.11458333333333333
0 0.534375 0.5434064716312058 0.04859657579787227 0.15068705673758842
0 0.5671875000000001 0.5485261524822695 0.05738813164893611 0.17794769503546087
0 0.6234375000000001 0.5770833333333333 0.04165625000000004 0.12916666666666665
0 0.59921875 0.5375 0.04165625000000004 0.12916666666666665
0 0.6259108353269538 0.5417109929078013 0.04568750000000002 0.14166666666666666
0 0.884375 0.5416666666666666 0.06987500000000005 0.21666666666666667
0 0.9500000000000001 0.5520833333333334 0.07121875000000007 0.22083333333333333
0 0.8373043759968102 0.5404033687943264 0.06861702127659566 0.21276595744680837
