0 0.001152073732718894 0.001288659793814433 -0.002304147465437788 -0.002577319587628866
0 0.2465437788018433 0.17396907216494845 0.06451612903225806 0.16237113402061856
0 0.33755760368663595 0.17783505154639176 0.06221198156682028 0.16494845360824742
0 0.3709677419354839 0.5077319587628866 0.11059907834101382 0.28350515463917525
0 0.2488479262672811 0.5141752577319587 0.11981566820276497 0.3118556701030928
0 0.23847926267281105 0.38144329896907214 0.09907834101382489 0.25257731958762886
0 0.4539170506912442 0.45489690721649484 0.11059907834101382 0.2912371134020619
0 0.543778801843318 0.45489690721649484 0.11059907834101382 0.2860824742268041
0 0.5253456221198156 0.6623711340206185 0.1336405529953917 0.13402061855670103
0 0.5748847926267281 0.586340206185567 0.16820276497695852 0.2757731958762887
0 0.001152073732718894 0.001288659793814433 -0.002304147465437788 -0.002577319587628866
0 0.001152073732718894 0.001288659793814433 -0.002304147465437788 -0.002577319587628866
0 0.001152073732718894 0.001288659793814433 -0.002304147465437788 -0.002577319587628866
0 0.001152073732718894 0.001288659793814433 -0.002304147465437788 -0.002577319587628866
0 0.001152073732718894 0.001288659793814433 -0.002304147465437788 -0.002577319587628866
0 0.3029953917050691 0.07345360824742268 0.03917050691244239 0.10051546391752578
