0 0.15078125 0.434375 0.0546875 0.20208333333333334
0 0.18281250000000002 0.42083333333333334 0.065625 0.22916666666666666
0 0.7625000000000001 0.4125 0.08125 0.275
0 0.853125 0.42604166666666665 0.078125 0.30625
0 0.6765625000000001 0.41875 0.09062500000000001 0.2916666666666667
0 0.15546875000000002 0.4302083333333333 0.0421875 0.16041666666666665
0 0.08671875000000001 0.4354166666666667 0.0421875 0.15
0 0.80390625 0.4010416666666667 0.0734375 0.23124999999999998
0 0.6015625 0.41562499999999997 0.037500000000000006 0.14375
0 0.7140625 0.521875 0.140625 0.53125
0 0.81171875 0.5125 0.1265625 0.49583333333333335
0 0.265625 0.42291666666666666 0.046875 0.175
0 0.31484375000000003 0.421875 0.0421875 0.16041666666666665
0 0.7835937500000001 0.4125 0.0421875 0.14583333333333334
0 0.41484375 0.4125 0.06406250000000001 0.2125
0 0.46328125000000003 0.4166666666666667 0.045312500000000006 0.19583333333333333
0 0.4921875 0.42604166666666665 0.03125 0.11875
0 0.5359375000000001 0.42291666666666666 0.034375 0.11666666666666667
0 0.0390625 0.4458333333333333 0.043750000000000004 0.12916666666666665
