0 0.1453125 0.5041666666666667 0.07525 0.23333333333333334
0 0.2671875 0.5197916666666667 0.092046875 0.28541666666666665
0 0.32890625 0.5125 0.07390624999999998 0.22916666666666666
0 0.5671875000000001 0.5333333333333333 0.10212500000000002 0.31666666666666665
0 0.625 0.5041666666666667 0.0725625 0.225
0 0.7890625 0.5395833333333333 0.09809374999999997 0.30416666666666664
0 0.8404306220095695 0.5393395390070923 0.08439893617021284 0.2617021276595745
0 0.9164386463317385 0.5288453014184399 0.08430601728723418 0.26141400709219875
0 0.1859375 0.49895833333333334 0.043671874999999985 0.13541666666666666
0 0.47968750000000004 0.5104166666666666 0.03224999999999998 0.1
0 0.5095531798245614 0.505296985815603 0.03224999999999998 0.1
