0 0.146875 0.5927083333333333 0.089359375 0.27708333333333335
0 0.19296875000000002 0.5621786347517731 0.0915822805851063 0.283976063829787
0 0.29765625 0.568472960992908 0.09289744015957435 0.28805407801418403
0 0.32734375000000004 0.5677083333333334 0.09607812500000001 0.29791666666666666
0 0.38125000000000003 0.5757203014184398 0.10031665558510633 0.31105939716312037
0 0.4361318779904306 0.575 0.10615624999999995 0.32916666666666666
0 0.51015625 0.5739583333333333 0.10548437499999999 0.32708333333333334
0 0.6046875 0.5884862588652484 0.09208261303191484 0.28552748226950325
0 0.68671875 0.56875 0.10481249999999998 0.325
0 0.73203125 0.5739583333333333 0.09339062499999998 0.2895833333333333
0 0.5484375 0.578125 0.08801562499999999 0.27291666666666664
0 0.785221042663477 0.5916666666666667 0.08868750000000009 0.275
0 0.83515625 0.5072916666666667 0.06517187500000006 0.20208333333333334
0 0.907877292663477 0.5173869680851064 0.06269165558510625 0.1943927304964537
0 0.9640625 0.5239583333333333 0.07457812500000004 0.23124999999999998
0 0.24609375 0.5489583333333333 0.089359375 0.27708333333333335
0 0.10923420055821371 0.3095523049645392 0.06038297872340423 0.18723404255319143
