0 0.001152073732718894 0.001288659793814433 -0.002304147465437788 -0.002577319587628866
0 0.24423963133640553 0.17396907216494845 0.06451612903225806 0.16237113402061856
0 0.33755760368663595 0.17783505154639176 0.06221198156682028 0.16494845360824742
0 0.36981566820276496 0.5012886597938144 0.10368663594470046 0.2706185567010309
0 0.24539170506912442 0.5025773195876289 0.11290322580645161 0.29381443298969073
0 0.23732718894009217 0.3943298969072165 0.10599078341013825 0.27835051546391754
0 0.44585253456221197 0.4587628865979381 0.10829493087557604 0.28350515463917525
0 0.5414746543778802 0.45618556701030927 0.10599078341013825 0.27835051546391754
0 0.5149769585253456 0.6597938144329897 0.1313364055299539 0.13917525773195877
0 0.2707373271889401 0.6868556701030928 0.09907834101382489 0.08505154639175258
0 0.5587557603686636 0.5914948453608248 0.1313364055299539 0.2757731958762887
0 0.001152073732718894 0.001288659793814433 -0.002304147465437788 -0.002577319587628866
0 0.001152073732718894 0.001288659793814433 -0.002304147465437788 -0.002577319587628866
0 0.001152073732718894 0.001288659793814433 -0.002304147465437788 -0.002577319587628866
0 0.001152073732718894 0.001288659793814433 -0.002304147465437788 -0.002577319587628866
0 0.001152073732718894 0.001288659793814433 -0.002304147465437788 -0.002577319587628866
0 0.3052995391705069 0.07345360824742268 0.03917050691244239 0.10051546391752578
