0 0.04609375 0.5708333333333333 0.0890625 0.3875
0 0.215625 0.5135416666666667 0.037500000000000006 0.11458333333333333
0 0.26171875 0.5177083333333333 0.0328125 0.10625
0 0.284375 0.509375 0.037500000000000006 0.11458333333333333
0 0.3453125 0.553125 0.15937500000000002 0.49374999999999997
0 0.5046875000000001 0.5260416666666666 0.15625 0.48541666666666666
0 0.8328125000000001 0.5177083333333333 0.05625 0.17708333333333334
0 0.88203125 0.515625 0.060937500000000006 0.18958333333333333
0 0.17343750000000002 0.509375 0.028125 0.08541666666666667
0 0.08125 0.5083333333333333 0.028125 0.0875
