0 0.2159090909090909 0.595486111111111 0.0625 0.5520833333333333
0 0.28551136363636365 0.3732638888888889 0.07102272727272728 0.2534722222222222
0 0.37357954545454547 0.5034722222222222 0.11647727272727273 0.5416666666666666
0 0.26704545454545453 0.671875 0.10227272727272728 0.5243055555555556
0 0.44886363636363635 0.625 0.0625 0.5555555555555556
0 0.5042613636363636 0.3802083333333333 0.11079545454545454 0.23958333333333331
0 0.49857954545454547 0.6649305555555555 0.11079545454545454 0.5034722222222222
0 0.7002840909090909 0.5885416666666666 0.11079545454545454 0.5034722222222222
0 0.859375 0.08680555555555555 0.11079545454545454 0.16666666666666666
0 0.9644886363636364 0.08333333333333333 0.05397727272727273 0.1597222222222222
