0 0.321875 0.54375 0.06853125000000003 0.2125
0 0.35703125 0.521875 0.05173437500000003 0.16041666666666665
0 0.45146531100478465 0.5260416666666666 0.03964062500000001 0.12291666666666666
0 0.49609375 0.528125 0.03560937500000003 0.11041666666666666
0 0.56484375 0.540625 0.08532812500000003 0.26458333333333334
0 0.6037766646730462 0.540625 0.05979687499999997 0.18541666666666667
0 0.659375 0.56875 0.044343749999999994 0.1375
0 0.6312500000000001 0.5291666666666667 0.044343749999999994 0.1375
0 0.73046875 0.5302083333333333 0.03695312499999997 0.11458333333333333
0 0.5406536582934609 0.5361480496453903 0.0507765957446809 0.15744680851063841
