0 0.89453125 0.5208333333333334 0.08599999999999995 0.26666666666666666
0 0.8304687500000001 0.521875 0.08935937500000009 0.27708333333333335
0 0.55390625 0.5135416666666667 0.07592187499999997 0.23541666666666666
0 0.43671875000000004 0.5104166666666666 0.09271875000000002 0.2875
0 0.34218750000000003 0.509375 0.07860937500000001 0.24375
0 0.24453125 0.4927083333333333 0.043671874999999985 0.13541666666666666
0 0.203125 0.4979166666666667 0.057781250000000006 0.17916666666666667
0 0.1265625 0.4895833333333333 0.069875 0.21666666666666667
0 0.68125 0.5135416666666667 0.06382812500000004 0.19791666666666666
0 0.478125 0.4947916666666667 0.03292187499999999 0.10208333333333333
0 0.5055659389952153 0.49465868794326256 0.03362234042553194 0.10425531914893622
0 0.30939369019138757 0.49146719858156046 0.03019148936170213 0.09361702127659571
