0 0.001152073732718894 0.001288659793814433 -0.002304147465437788 -0.002577319587628866
0 0.4078341013824885 0.5657216494845361 0.14285714285714285 0.32216494845360827
0 0.630184331797235 0.5721649484536082 0.14516129032258066 0.31958762886597936
0 0.001152073732718894 0.001288659793814433 -0.002304147465437788 -0.002577319587628866
0 0.001152073732718894 0.001288659793814433 -0.002304147465437788 -0.002577319587628866
0 0.001152073732718894 0.001288659793814433 -0.002304147465437788 -0.002577319587628866
0 0.28456221198156684 0.15206185567010308 0.052995391705069124 0.13402061855670103
0 0.3283410138248848 0.15335051546391754 0.052995391705069124 0.13659793814432988
0 0.001152073732718894 0.001288659793814433 -0.002304147465437788 -0.002577319587628866
0 0.001152073732718894 0.001288659793814433 -0.002304147465437788 -0.002577319587628866
0 0.001152073732718894 0.001288659793814433 -0.002304147465437788 -0.002577319587628866
0 0.23963133640552994 0.2667525773195876 0.07373271889400922 0.19329896907216496
0 0.39055299539170507 0.27190721649484534 0.07603686635944701 0.19329896907216496
0 0.326036866359447 0.2744845360824742 0.07142857142857142 0.18298969072164947
0 0.44239631336405527 0.27835051546391754 0.06912442396313365 0.18041237113402062
0 0.1923963133640553 0.11082474226804123 0.04377880184331797 0.10824742268041238
0 0.29493087557603687 0.07474226804123711 0.03686635944700461 0.0979381443298969
