0 0.001152073732718894 0.001288659793814433 -0.002304147465437788 -0.002577319587628866
0 0.2465437788018433 0.18943298969072164 0.06451612903225806 0.17268041237113402
0 0.35599078341013823 0.19072164948453607 0.06682027649769585 0.17525773195876287
0 0.3686635944700461 0.5850515463917526 0.1336405529953917 0.28350515463917525
0 0.24308755760368664 0.5786082474226804 0.14516129032258066 0.2963917525773196
0 0.12672811059907835 0.3711340206185567 0.09216589861751152 0.2422680412371134
0 0.43202764976958524 0.40335051546391754 0.09907834101382489 0.2603092783505155
0 0.5149769585253456 0.4072164948453608 0.09907834101382489 0.25257731958762886
0 0.001152073732718894 0.001288659793814433 -0.002304147465437788 -0.002577319587628866
0 0.001152073732718894 0.001288659793814433 -0.002304147465437788 -0.002577319587628866
0 0.47465437788018433 0.5257731958762887 0.1382488479262673 0.36082474226804123
0 0.001152073732718894 0.001288659793814433 -0.002304147465437788 -0.002577319587628866
0 0.001152073732718894 0.001288659793814433 -0.002304147465437788 -0.002577319587628866
0 0.001152073732718894 0.001288659793814433 -0.002304147465437788 -0.002577319587628866
0 0.001152073732718894 0.001288659793814433 -0.002304147465437788 -0.002577319587628866
0 0.001152073732718894 0.001288659793814433 -0.002304147465437788 -0.002577319587628866
0 0.2903225806451613 0.07474226804123711 0.041474654377880185 0.10309278350515463
