0 0.8132812500000001 0.5635416666666666 0.2546875 0.79375
0 0.89453125 0.540625 0.15156250000000002 0.46875
0 0.9437500000000001 0.5583333333333333 0.1125 0.4875
0 0.57421875 0.525 0.0546875 0.16666666666666666
0 0.6726562500000001 0.5166666666666666 0.045312500000000006 0.1375
0 0.0234375 0.4947916666666667 0.034375 0.11041666666666666
0 0.1171875 0.496875 0.040625 0.12291666666666666
0 0.49843750000000003 0.5135416666666667 0.037500000000000006 0.11458333333333333
0 0.534375 0.515625 0.034375 0.10208333333333333
0 0.52265625 0.515625 0.029687500000000002 0.09375
0 0.48984375 0.50625 0.0328125 0.10416666666666667
0 0.20234375000000002 0.4979166666666667 0.029687500000000002 0.09166666666666666
0 0.16015625 0.490625 0.0203125 0.06458333333333333
0 0.60859375 0.5166666666666666 0.0234375 0.07083333333333333
0 0.1453125 0.4875 0.021875000000000002 0.07083333333333333
