0 0.25390625 0.5354166666666667 0.08196875000000002 0.25416666666666665
0 0.328125 0.5157025709219859 0.0691530917553191 0.21442819148936157
0 0.353125 0.509375 0.057109374999999976 0.17708333333333334
0 0.49296875 0.509873670212766 0.03931898271276593 0.1219193262411346
0 0.515625 0.5572916666666666 0.034265625000000015 0.10625
0 0.5484375 0.5270833333333333 0.05106250000000001 0.15833333333333333
0 0.63046875 0.5333333333333333 0.06449999999999996 0.2
0 0.7078772926634769 0.5510416666666667 0.13773437499999996 0.4270833333333333
0 0.7921875 0.5239583333333333 0.06114062500000009 0.18958333333333333
0 0.4578125 0.515625 0.03157812499999997 0.09791666666666667
0 0.4789710426634769 0.5145833333333333 0.03224999999999998 0.1
0 0.5167302133173844 0.5138076241134754 0.03087765957446811 0.09574468085106388
