0 0.001152073732718894 0.001288659793814433 -0.002304147465437788 -0.002577319587628866
0 0.41244239631336405 0.5773195876288659 0.16129032258064516 0.30412371134020616
0 0.6370967741935484 0.5902061855670103 0.1543778801843318 0.27835051546391754
0 0.001152073732718894 0.001288659793814433 -0.002304147465437788 -0.002577319587628866
0 0.001152073732718894 0.001288659793814433 -0.002304147465437788 -0.002577319587628866
0 0.001152073732718894 0.001288659793814433 -0.002304147465437788 -0.002577319587628866
0 0.2764976958525346 0.14432989690721648 0.05069124423963134 0.12886597938144329
0 0.326036866359447 0.14561855670103094 0.04838709677419355 0.12628865979381443
0 0.001152073732718894 0.001288659793814433 -0.002304147465437788 -0.002577319587628866
0 0.001152073732718894 0.001288659793814433 -0.002304147465437788 -0.002577319587628866
0 0.001152073732718894 0.001288659793814433 -0.002304147465437788 -0.002577319587628866
0 0.22119815668202764 0.259020618556701 0.07373271889400922 0.18814432989690721
0 0.3847926267281106 0.259020618556701 0.06912442396313365 0.18298969072164947
0 0.3191244239631336 0.26288659793814434 0.06682027649769585 0.17525773195876287
0 0.4205069124423963 0.27190721649484534 0.06682027649769585 0.17268041237113402
0 0.18778801843317972 0.1172680412371134 0.04377880184331797 0.11082474226804123
0 0.3225806451612903 0.06958762886597938 0.03686635944700461 0.09278350515463918
