0 0.0 0.0 0.0 0.0
0 0.20859375000000002 0.26505097517730497 0.06211412898936173 0.19260195035460997
0 0.328125 0.26093306737588656 0.058114328457446844 0.18019946808510642
0 0.0 0.0 0.0 0.0
0 0.0 0.0 0.0 0.0
0 0.0 0.0 0.0 0.0
0 0.18046875 0.175 0.043 0.13333333333333333
0 0.23828125 0.17708333333333334 0.044343749999999994 0.1375
0 0.0 0.0 0.0 0.0
0 0.0 0.0 0.0 0.0
0 0.0 0.0 0.0 0.0
0 0.203125 0.39166666666666666 0.07928125000000003 0.24583333333333332
0 0.340625 0.40208333333333335 0.080625 0.25
0 0.25859375 0.3989583333333333 0.07457812499999998 0.23124999999999998
0 0.4109375 0.403125 0.07189062499999999 0.22291666666666665
0 0.15000000000000002 0.05625 0.02284375000000001 0.07083333333333333
