0 0.06676136363636363 0.2829861111111111 0.07102272727272728 0.26041666666666663
0 0.1434659090909091 0.2899305555555555 0.07102272727272728 0.28125
0 0.13494318181818182 0.1579861111111111 0.07102272727272728 0.14930555555555555
0 0.19318181818181818 0.2743055555555555 0.05113636363636364 0.3333333333333333
0 0.234375 0.3003472222222222 0.05965909090909091 0.3298611111111111
0 0.2727272727272727 0.15104166666666666 0.07954545454545454 0.16319444444444445
0 0.26988636363636365 0.3732638888888889 0.07954545454545454 0.3506944444444444
0 0.35653409090909094 0.2708333333333333 0.06534090909090909 0.3194444444444444
0 0.40625 0.40451388888888884 0.10227272727272728 0.3645833333333333
0 0.7784090909090909 0.5902777777777778 0.08522727272727273 0.375
0 0.875 0.5868055555555555 0.09659090909090909 0.375
