0 0.18046875 0.60625 0.0421875 0.12916666666666665
0 0.1203125 0.59375 0.040625 0.125
0 0.25546875 0.6052083333333333 0.0390625 0.12291666666666666
0 0.30234375 0.6052083333333333 0.045312500000000006 0.13958333333333334
0 0.33984375 0.6125 0.045312500000000006 0.14166666666666666
0 0.39921875 0.6145833333333334 0.0421875 0.12916666666666665
0 0.38203125000000004 0.6041666666666666 0.0421875 0.12916666666666665
0 0.46328125000000003 0.609375 0.0390625 0.12291666666666666
0 0.55 0.6052083333333333 0.040625 0.13125
0 0.4453125 0.6135416666666667 0.040625 0.13125
0 0.43359375 0.6145833333333334 0.0390625 0.125
0 0.61640625 0.596875 0.045312500000000006 0.13958333333333334
0 0.66171875 0.603125 0.0421875 0.13125
0 0.8093750000000001 0.5958333333333333 0.034375 0.10416666666666667
0 0.8890625000000001 0.590625 0.043750000000000004 0.13125
0 0.9453125 0.596875 0.034375 0.11041666666666666
0 0.9234375 0.5875 0.037500000000000006 0.11666666666666667
0 0.06796875000000001 0.6166666666666667 0.0421875 0.12916666666666665
0 0.16796875 0.575 0.029687500000000002 0.09166666666666666
0 0.24375000000000002 0.60625 0.037500000000000006 0.12083333333333333
0 0.9765625 0.5927083333333333 0.034375 0.10625
