0 0.001152073732718894 0.001288659793814433 -0.002304147465437788 -0.002577319587628866
0 0.2707373271889401 0.25644329896907214 0.08064516129032258 0.20876288659793815
0 0.45276497695852536 0.25644329896907214 0.08064516129032258 0.20876288659793815
0 0.001152073732718894 0.001288659793814433 -0.002304147465437788 -0.002577319587628866
0 0.001152073732718894 0.001288659793814433 -0.002304147465437788 -0.002577319587628866
0 0.001152073732718894 0.001288659793814433 -0.002304147465437788 -0.002577319587628866
0 0.326036866359447 0.27835051546391754 0.07603686635944701 0.1958762886597938
0 0.3859447004608295 0.2809278350515464 0.07603686635944701 0.20103092783505155
0 0.001152073732718894 0.001288659793814433 -0.002304147465437788 -0.002577319587628866
0 0.001152073732718894 0.001288659793814433 -0.002304147465437788 -0.002577319587628866
0 0.21428571428571427 0.2925257731958763 0.08294930875576037 0.2190721649484536
0 0.3433179723502304 0.634020618556701 0.14746543778801843 0.2268041237113402
0 0.5725806451612904 0.643041237113402 0.1543778801843318 0.17268041237113402
0 0.43548387096774194 0.6481958762886598 0.14285714285714285 0.16752577319587628
0 0.6797235023041475 0.6572164948453608 0.14285714285714285 0.15463917525773196
0 0.001152073732718894 0.001288659793814433 -0.002304147465437788 -0.002577319587628866
