0 0.4921875 0.41041666666666665 0.0625 0.23333333333333334
0 0.30312500000000003 0.5208333333333334 0.15625 0.49583333333333335
0 0.5593750000000001 0.4145833333333333 0.07500000000000001 0.24583333333333332
0 0.84765625 0.4125 0.0921875 0.3125
0 0.1125 0.43333333333333335 0.03125 0.10416666666666667
0 0.41875 0.4166666666666667 0.053125000000000006 0.2375
0 0.27890625 0.425 0.06406250000000001 0.20416666666666666
0 0.21953125 0.4197916666666667 0.0546875 0.18125
0 0.38984375000000004 0.4197916666666667 0.0328125 0.14375
0 0.21484375 0.4822916666666667 0.09531250000000001 0.41041666666666665
0 0.23203125000000002 0.48541666666666666 0.0734375 0.42916666666666664
0 0.4703125 0.40729166666666666 0.0625 0.22291666666666665
0 0.5203125000000001 0.4114583333333333 0.05 0.21041666666666667
0 0.8992187500000001 0.5083333333333333 0.18906250000000002 0.5416666666666666
0 0.8757812500000001 0.484375 0.1296875 0.5395833333333333
0 0.853125 0.4083333333333333 0.043750000000000004 0.175
0 0.35078125000000004 0.4979166666666667 0.1390625 0.4375
0 0.625 0.403125 0.05 0.24375
0 0.665625 0.40520833333333334 0.043750000000000004 0.23124999999999998
0 0.09531250000000001 0.4270833333333333 0.05 0.2
0 0.71015625 0.4145833333333333 0.045312500000000006 0.13333333333333333
