0 0.35653409090909094 0.4305555555555555 0.09943181818181819 0.18055555555555555
0 0.3465909090909091 0.5972222222222222 0.07386363636363637 0.375
0 0.4545454545454546 0.6302083333333333 0.10227272727272728 0.3923611111111111
0 0.48295454545454547 0.44791666666666663 0.09659090909090909 0.21527777777777776
0 0.5596590909090909 0.6475694444444444 0.08522727272727273 0.3993055555555555
0 0.6278409090909091 0.640625 0.07386363636363637 0.4131944444444444
0 0.6477272727272727 0.6041666666666666 0.07386363636363637 0.4097222222222222
0 0.640625 0.41666666666666663 0.05397727272727273 0.1111111111111111
0 0.6931818181818182 0.5434027777777778 0.05681818181818182 0.3506944444444444
0 0.7627840909090909 0.5451388888888888 0.08238636363636363 0.3680555555555555
