0 0.06534090909090909 0.28125 0.06818181818181818 0.2708333333333333
0 0.13210227272727273 0.1423611111111111 0.05965909090909091 0.1111111111111111
0 0.12642045454545456 0.27604166666666663 0.05397727272727273 0.2743055555555555
0 0.17755681818181818 0.2725694444444444 0.05397727272727273 0.2881944444444444
0 0.21875 0.2829861111111111 0.0625 0.2881944444444444
0 0.26420454545454547 0.16493055555555555 0.06818181818181818 0.17708333333333331
0 0.2684659090909091 0.36979166666666663 0.07670454545454546 0.37152777777777773
0 0.359375 0.2725694444444444 0.05965909090909091 0.2951388888888889
0 0.4005681818181818 0.3975694444444444 0.07386363636363637 0.3645833333333333
0 0.7840909090909091 0.5815972222222222 0.09090909090909091 0.38541666666666663
0 0.8707386363636364 0.5833333333333333 0.08806818181818182 0.40277777777777773
