0 0.0 0.0 0.0 0.0
0 0.22187500000000002 0.30104166666666665 0.07189062499999999 0.22291666666666665
0 0.35781250000000003 0.30416666666666664 0.07390624999999998 0.22916666666666666
0 0.0 0.0 0.0 0.0
0 0.0 0.0 0.0 0.0
0 0.0 0.0 0.0 0.0
0 0.17017855362838918 0.16458333333333333 0.043 0.13333333333333333
0 0.23593750000000002 0.1625 0.04165625 0.12916666666666665
0 0.0 0.0 0.0 0.0
0 0.0 0.0 0.0 0.0
0 0.0 0.0 0.0 0.0
0 0.19062500000000002 0.3416666666666667 0.06987500000000002 0.21666666666666667
0 0.39453125 0.3489583333333333 0.07457812500000004 0.23124999999999998
0 0.25859375 0.34791666666666665 0.06584374999999998 0.20416666666666666
0 0.45757077352472086 0.35036347517730504 0.06449999999999996 0.2
0 0.14765625000000002 0.0625 0.024187500000000008 0.075
