0 0.2984375 0.5104166666666666 0.04703125 0.14583333333333334
0 0.36328125 0.5104166666666666 0.04971874999999999 0.15416666666666667
0 0.42578125 0.509375 0.034265625000000015 0.10625
0 0.45390625 0.5114583333333333 0.03829687499999999 0.11875
0 0.484375 0.509375 0.034265625000000015 0.10625
0 0.5125000000000001 0.5135416666666667 0.03964062500000001 0.12291666666666666
0 0.55859375 0.5114583333333333 0.04098437500000003 0.12708333333333333
0 0.6101562500000001 0.5447916666666667 0.10548437499999999 0.32708333333333334
0 0.69296875 0.6083333333333333 0.06987500000000005 0.21666666666666667
0 0.6346572655003988 0.5197916666666667 0.07592187499999997 0.23541666666666666
0 0.80234375 0.559375 0.06114062500000009 0.18958333333333333
0 0.925 0.5479166666666666 0.09406250000000008 0.2916666666666667
0 0.6738275019936204 0.5255097517730498 0.0699893617021277 0.2170212765957448
0 0.7288514254385965 0.5180629432624115 0.05009042553191492 0.15531914893617024
