0 0.2661290322580645 0.6404639175257731 0.14516129032258066 0.16237113402061856
0 0.2304147465437788 0.15721649484536082 0.059907834101382486 0.15463917525773196
0 0.32027649769585254 0.15850515463917525 0.059907834101382486 0.15206185567010308
0 0.37327188940092165 0.422680412371134 0.0967741935483871 0.25257731958762886
0 0.2903225806451613 0.41881443298969073 0.10138248847926268 0.2654639175257732
0 0.2119815668202765 0.42783505154639173 0.11981566820276497 0.30927835051546393
0 0.391705069124424 0.5463917525773195 0.12442396313364056 0.3247422680412371
0 0.4988479262672811 0.5463917525773195 0.1313364055299539 0.34536082474226804
0 0.001152073732718894 0.001288659793814433 -0.002304147465437788 -0.002577319587628866
0 0.001152073732718894 0.001288659793814433 -0.002304147465437788 -0.002577319587628866
0 0.001152073732718894 0.001288659793814433 -0.002304147465437788 -0.002577319587628866
0 0.001152073732718894 0.001288659793814433 -0.002304147465437788 -0.002577319587628866
0 0.001152073732718894 0.001288659793814433 -0.002304147465437788 -0.002577319587628866
0 0.001152073732718894 0.001288659793814433 -0.002304147465437788 -0.002577319587628866
0 0.26497695852534564 0.06056701030927835 0.041474654377880185 0.11082474226804123
