0 0.0 0.0 0.0 0.0
0 0.0 0.0 0.0 0.0
0 0.0 0.0 0.0 0.0
0 0.0 0.0 0.0 0.0
0 0.0 0.0 0.0 0.0
0 0.0 0.0 0.0 0.0
0 0.18671875000000002 0.09583333333333333 0.029562500000000005 0.09166666666666666
0 0.22091307814992023 0.09791666666666667 0.02956249999999998 0.09166666666666666
0 0.0 0.0 0.0 0.0
0 0.0 0.0 0.0 0.0
0 0.0 0.0 0.0 0.0
0 0.0 0.0 0.0 0.0
0 0.20468750000000002 0.16979166666666667 0.045015625000000004 0.13958333333333334
0 0.14921875 0.17604166666666665 0.04098437500000001 0.12708333333333333
0 0.11953125 0.196875 0.043671875 0.13541666666666666
0 0.14140625 0.12395833333333334 0.034265625000000015 0.10625
0 0.24014403907496018 0.051041666666666666 0.02082812500000002 0.06458333333333333
