0 0.001152073732718894 0.001288659793814433 -0.002304147465437788 -0.002577319587628866
0 0.24193548387096775 0.18041237113402062 0.059907834101382486 0.15979381443298968
0 0.3456221198156682 0.18298969072164947 0.06451612903225806 0.17010309278350516
0 0.3790322580645161 0.5425257731958762 0.1175115207373272 0.3015463917525773
0 0.24193548387096775 0.5502577319587629 0.12903225806451613 0.3324742268041237
0 0.22004608294930875 0.3698453608247423 0.10368663594470046 0.2654639175257732
0 0.44585253456221197 0.42912371134020616 0.10368663594470046 0.2706185567010309
0 0.532258064516129 0.42783505154639173 0.10138248847926268 0.26288659793814434
0 0.001152073732718894 0.001288659793814433 -0.002304147465437788 -0.002577319587628866
0 0.543778801843318 0.5502577319587629 0.14285714285714285 0.2963917525773196
0 0.001152073732718894 0.001288659793814433 -0.002304147465437788 -0.002577319587628866
0 0.001152073732718894 0.001288659793814433 -0.002304147465437788 -0.002577319587628866
0 0.001152073732718894 0.001288659793814433 -0.002304147465437788 -0.002577319587628866
0 0.001152073732718894 0.001288659793814433 -0.002304147465437788 -0.002577319587628866
0 0.001152073732718894 0.001288659793814433 -0.002304147465437788 -0.002577319587628866
0 0.29493087557603687 0.07345360824742268 0.03686635944700461 0.10051546391752578
