0 0.001152073732718894 0.001288659793814433 -0.002304147465437788 -0.002577319587628866
0 0.24078341013824886 0.18556701030927836 0.06221198156682028 0.16494845360824742
0 0.3467741935483871 0.18685567010309279 0.06682027649769585 0.17268041237113402
0 0.3813364055299539 0.586340206185567 0.12211981566820276 0.3170103092783505
0 0.2350230414746544 0.5708762886597938 0.1382488479262673 0.3118556701030928
0 0.16705069124423963 0.3646907216494845 0.10368663594470046 0.2706185567010309
0 0.44815668202764974 0.41237113402061853 0.09907834101382489 0.25773195876288657
0 0.5264976958525346 0.4162371134020618 0.09907834101382489 0.2603092783505155
0 0.001152073732718894 0.001288659793814433 -0.002304147465437788 -0.002577319587628866
0 0.001152073732718894 0.001288659793814433 -0.002304147465437788 -0.002577319587628866
0 0.5046082949308756 0.5528350515463918 0.1336405529953917 0.3530927835051546
0 0.001152073732718894 0.001288659793814433 -0.002304147465437788 -0.002577319587628866
0 0.001152073732718894 0.001288659793814433 -0.002304147465437788 -0.002577319587628866
0 0.001152073732718894 0.001288659793814433 -0.002304147465437788 -0.002577319587628866
0 0.001152073732718894 0.001288659793814433 -0.002304147465437788 -0.002577319587628866
0 0.001152073732718894 0.001288659793814433 -0.002304147465437788 -0.002577319587628866
0 0.2926267281105991 0.07474226804123711 0.041474654377880185 0.10309278350515463
