0 0.06015625 0.5197916666666667 0.1171875 0.56875
0 0.1296875 0.4979166666666667 0.1125 0.35
0 0.296875 0.5114583333333333 0.09375 0.2895833333333333
0 0.36250000000000004 0.5020833333333333 0.040625 0.12916666666666665
0 0.415625 0.503125 0.034375 0.11041666666666666
0 0.4546875 0.5010416666666666 0.040625 0.12708333333333333
0 0.49375 0.5052083333333334 0.037500000000000006 0.11458333333333333
0 0.5085937500000001 0.5552083333333333 0.0421875 0.13541666666666666
0 0.5265625 0.521875 0.06875 0.21041666666666667
0 0.571875 0.5291666666666667 0.084375 0.26666666666666666
0 0.61484375 0.5114583333333333 0.06406250000000001 0.19791666666666666
0 0.6507812500000001 0.5760416666666667 0.060937500000000006 0.18541666666666667
0 0.7039062500000001 0.5375 0.0484375 0.14583333333333334
0 0.734375 0.5197916666666667 0.053125000000000006 0.16458333333333333
0 0.77734375 0.5333333333333333 0.0671875 0.20833333333333334
0 0.8015625000000001 0.5 0.05 0.15833333333333333
0 0.971875 0.5375 0.05625 0.25
