0 0.001152073732718894 0.001288659793814433 -0.002304147465437788 -0.002577319587628866
0 0.44930875576036866 0.6365979381443299 0.16589861751152074 0.19072164948453607
0 0.6970046082949308 0.6404639175257731 0.16359447004608296 0.17783505154639176
0 0.001152073732718894 0.001288659793814433 -0.002304147465437788 -0.002577319587628866
0 0.001152073732718894 0.001288659793814433 -0.002304147465437788 -0.002577319587628866
0 0.001152073732718894 0.001288659793814433 -0.002304147465437788 -0.002577319587628866
0 0.2868663594470046 0.13015463917525774 0.04838709677419355 0.1211340206185567
0 0.3283410138248848 0.13402061855670103 0.04377880184331797 0.11855670103092783
0 0.001152073732718894 0.001288659793814433 -0.002304147465437788 -0.002577319587628866
0 0.001152073732718894 0.001288659793814433 -0.002304147465437788 -0.002577319587628866
0 0.001152073732718894 0.001288659793814433 -0.002304147465437788 -0.002577319587628866
0 0.001152073732718894 0.001288659793814433 -0.002304147465437788 -0.002577319587628866
0 0.33410138248847926 0.22938144329896906 0.06451612903225806 0.17010309278350516
0 0.26497695852534564 0.23582474226804123 0.06451612903225806 0.16752577319587628
0 0.27880184331797236 0.2538659793814433 0.06451612903225806 0.16237113402061856
0 0.195852534562212 0.13144329896907217 0.04608294930875576 0.12371134020618557
0 0.3548387096774194 0.07087628865979381 0.03686635944700461 0.09536082474226804
