0 0.0 0.0 0.0 0.0
0 0.0 0.0 0.0 0.0
0 0.0 0.0 0.0 0.0
0 0.0 0.0 0.0 0.0
0 0.0 0.0 0.0 0.0
0 0.0 0.0 0.0 0.0
0 0.0 0.0 0.0 0.0
0 0.32343750000000004 0.2791666666666667 0.038968749999999996 0.12083333333333333
0 0.29609375 0.30833333333333335 0.044343749999999994 0.1375
0 0.28359375000000003 0.271875 0.03157812500000001 0.09791666666666667
0 0.26171875 0.34479166666666666 0.04098437499999999 0.12708333333333333
0 0.2465136562998405 0.32395833333333335 0.03829687499999999 0.11875
0 0.26484375 0.29791666666666666 0.03628125 0.1125
