0 0.3765625 0.49166666666666664 0.07121875000000003 0.22083333333333333
0 0.35234375 0.4927083333333333 0.03560937499999999 0.11041666666666666
0 0.41015625 0.49166666666666664 0.017468750000000012 0.05416666666666667
0 0.44921875 0.49374999999999997 0.018812500000000034 0.058333333333333334
0 0.51875 0.5020833333333333 0.12631249999999997 0.39166666666666666
0 0.7242511463317385 0.5082890070921986 0.044343749999999994 0.1375
0 0.9234051036682618 0.4875 0.02418750000000003 0.075
0 0.854848235645933 0.48827570921985824 0.02538829787234036 0.0787234042553191
0 0.9720731160287083 0.4850842198581562 0.030191489361702042 0.09361702127659571
0 0.4373810057814993 0.49359485815602855 0.01921276595744681 0.059574468085106365
0 0.9314032595693779 0.48827570921985824 0.02401595744680858 0.07446808510638299
0 0.42661857057416275 0.4925310283687945 0.01852659574468083 0.05744680851063831
