0 0.0 0.0 0.0 0.0
0 0.0 0.0 0.0 0.0
0 0.0 0.0 0.0 0.0
0 0.0 0.0 0.0 0.0
0 0.0 0.0 0.0 0.0
0 0.0 0.0 0.0 0.0
0 0.0 0.0 0.0 0.0
0 0.34375 0.278125 0.03964062500000001 0.12291666666666666
0 0.31171875000000004 0.309375 0.045015625000000004 0.13958333333333334
0 0.26015625000000003 0.27708333333333335 0.034937500000000024 0.10833333333333334
0 0.22968750000000002 0.34270833333333334 0.04098437499999999 0.12708333333333333
0 0.220261413476874 0.3208333333333333 0.04165625000000002 0.12916666666666665
0 0.23934347587719298 0.2947916666666667 0.03560937499999999 0.11041666666666666
