0 0.001152073732718894 0.001288659793814433 -0.002304147465437788 -0.002577319587628866
0 0.4182027649769585 0.5773195876288659 0.15898617511520738 0.30927835051546393
0 0.6382488479262672 0.5837628865979382 0.15207373271889402 0.2912371134020619
0 0.001152073732718894 0.001288659793814433 -0.002304147465437788 -0.002577319587628866
0 0.001152073732718894 0.001288659793814433 -0.002304147465437788 -0.002577319587628866
0 0.001152073732718894 0.001288659793814433 -0.002304147465437788 -0.002577319587628866
0 0.271889400921659 0.14432989690721648 0.05069124423963134 0.12886597938144329
0 0.3248847926267281 0.14561855670103094 0.05069124423963134 0.12628865979381443
0 0.001152073732718894 0.001288659793814433 -0.002304147465437788 -0.002577319587628866
0 0.001152073732718894 0.001288659793814433 -0.002304147465437788 -0.002577319587628866
0 0.001152073732718894 0.001288659793814433 -0.002304147465437788 -0.002577319587628866
0 0.2269585253456221 0.259020618556701 0.07142857142857142 0.18814432989690721
0 0.3847926267281106 0.26288659793814434 0.07373271889400922 0.19072164948453607
0 0.32142857142857145 0.2667525773195876 0.07142857142857142 0.18298969072164947
0 0.4205069124423963 0.27190721649484534 0.06682027649769585 0.17268041237113402
0 0.18778801843317972 0.11597938144329897 0.04377880184331797 0.1134020618556701
0 0.32142857142857145 0.07860824742268041 0.04377880184331797 0.11082474226804123
