0 0.030468750000000003 0.6020833333333333 0.0578125 0.7666666666666666
0 0.15156250000000002 0.4197916666666667 0.046875 0.16458333333333333
0 0.21328125 0.42291666666666666 0.0328125 0.17916666666666667
0 0.73203125 0.40729166666666666 0.0484375 0.15208333333333332
0 0.1625 0.41875 0.03125 0.08333333333333333
0 0.08359375000000001 0.5260416666666666 0.1640625 0.5395833333333333
0 0.23984375000000002 0.5114583333333333 0.15156250000000002 0.5520833333333334
0 0.07187500000000001 0.428125 0.043750000000000004 0.16041666666666665
0 0.65546875 0.453125 0.18281250000000002 0.5479166666666666
0 0.721875 0.5041666666666667 0.178125 0.5083333333333333
0 0.9320312500000001 0.44479166666666664 0.11093750000000001 0.33125
0 0.029687500000000002 0.4395833333333333 0.03125 0.12916666666666665
0 0.40078125000000003 0.4197916666666667 0.035937500000000004 0.11875
0 0.34687500000000004 0.409375 0.03125 0.13125
0 0.30546875 0.41770833333333335 0.035937500000000004 0.14375
0 0.775 0.4125 0.03125 0.12916666666666665
0 0.8054687500000001 0.4125 0.0390625 0.15
