0 0.0 0.0 0.0 0.0
0 0.2265625 0.33229166666666665 0.07726562499999999 0.23958333333333334
0 0.35468750000000004 0.340625 0.07995312499999999 0.24791666666666667
0 0.0 0.0 0.0 0.0
0 0.0 0.0 0.0 0.0
0 0.0 0.0 0.0 0.0
0 0.18046875 0.15104166666666666 0.03829687499999999 0.11875
0 0.2265625 0.153125 0.03829687499999999 0.11875
0 0.0 0.0 0.0 0.0
0 0.0 0.0 0.0 0.0
0 0.0 0.0 0.0 0.0
0 0.17109375000000002 0.303125 0.06517187499999999 0.20208333333333334
0 0.37581053129984054 0.30658909574468085 0.06562503324468087 0.2034884751773049
0 0.296875 0.31145833333333334 0.061140625 0.18958333333333333
0 0.415625 0.3104166666666667 0.057781250000000034 0.17916666666666667
0 0.146875 0.06875 0.024187500000000008 0.075
