0 0.1296875 0.5645833333333333 0.23750000000000002 0.7375
0 0.178125 0.5354166666666667 0.153125 0.4791666666666667
0 0.2671875 0.5177083333333333 0.065625 0.20625
0 0.32343750000000004 0.5072916666666667 0.034375 0.11041666666666666
0 0.40937500000000004 0.509375 0.034375 0.10208333333333333
0 0.4546875 0.5145833333333333 0.037500000000000006 0.12083333333333333
0 0.4921875 0.5083333333333333 0.034375 0.10833333333333334
0 0.521875 0.5114583333333333 0.040625 0.12708333333333333
0 0.59375 0.5291666666666667 0.05625 0.175
0 0.62421875 0.5083333333333333 0.0390625 0.12083333333333333
0 0.853125 0.5427083333333333 0.140625 0.43124999999999997
0 0.36328125 0.50625 0.029687500000000002 0.09166666666666666
0 0.9109375000000001 0.5385416666666667 0.084375 0.2604166666666667
0 0.9625 0.53125 0.07500000000000001 0.25416666666666665
