0 0.001152073732718894 0.001288659793814433 -0.002304147465437788 -0.002577319587628866
0 0.45276497695852536 0.6507731958762887 0.15898617511520738 0.16752577319587628
0 0.728110599078341 0.6572164948453608 0.14285714285714285 0.13917525773195877
0 0.001152073732718894 0.001288659793814433 -0.002304147465437788 -0.002577319587628866
0 0.001152073732718894 0.001288659793814433 -0.002304147465437788 -0.002577319587628866
0 0.001152073732718894 0.001288659793814433 -0.002304147465437788 -0.002577319587628866
0 0.2834101382488479 0.12886597938144329 0.04608294930875576 0.12371134020618557
0 0.3294930875576037 0.13788659793814434 0.05069124423963134 0.13659793814432988
0 0.001152073732718894 0.001288659793814433 -0.002304147465437788 -0.002577319587628866
0 0.001152073732718894 0.001288659793814433 -0.002304147465437788 -0.002577319587628866
0 0.001152073732718894 0.001288659793814433 -0.002304147465437788 -0.002577319587628866
0 0.001152073732718894 0.001288659793814433 -0.002304147465437788 -0.002577319587628866
0 0.33294930875576034 0.22938144329896906 0.06682027649769585 0.17010309278350516
0 0.24308755760368664 0.22938144329896906 0.06221198156682028 0.16494845360824742
0 0.24308755760368664 0.24871134020618557 0.06221198156682028 0.16237113402061856
0 0.20506912442396313 0.14304123711340205 0.05069124423963134 0.13659793814432988
0 0.35714285714285715 0.06701030927835051 0.03225806451612903 0.08762886597938144
