0 0.11875000000000001 0.525 0.07121874999999998 0.22083333333333333
0 0.2688471889952153 0.5197916666666667 0.045015625000000004 0.13958333333333334
0 0.30390625000000004 0.5197916666666667 0.057109374999999976 0.17708333333333334
0 0.5764257376395534 0.54666445035461 0.042463929521276624 0.13167109929078014
0 0.6140625000000001 0.5338541666666666 0.053414062500000005 0.165625
0 0.63828125 0.5052083333333334 0.03829687499999999 0.11875
0 0.9398437500000001 0.5155695921985817 0.07730136303191487 0.23969414893617003
0 0.95078125 0.53125 0.07524999999999996 0.23333333333333334
0 0.44059260366826153 0.5197916666666667 0.03157812499999997 0.09791666666666667
0 0.39453125 0.509375 0.028890625000000017 0.08958333333333333
0 0.2001432914673046 0.5223182624113475 0.03499468085106385 0.10851063829787233
0 0.17143515749601274 0.5201906028368793 0.033622340425531895 0.10425531914893611
