0 0.046875 0.48541666666666666 0.08196875000000002 0.25416666666666665
0 0.13984375000000002 0.50625 0.07121875 0.22083333333333333
0 0.18125 0.4927083333333333 0.057109374999999976 0.17708333333333334
0 0.234375 0.5135416666666667 0.11354687499999999 0.3520833333333333
0 0.3296875 0.5322916666666666 0.14848437499999997 0.46041666666666664
0 0.5140625 0.5302083333333333 0.08264062499999998 0.25625
0 0.6828125 0.5333333333333333 0.07121874999999998 0.22083333333333333
0 0.86328125 0.5364583333333334 0.08264062499999998 0.25625
0 0.56875 0.5135416666666667 0.03964062500000001 0.12291666666666666
0 0.4609698963317385 0.50625 0.03628125000000004 0.1125
