0 0.23593750000000002 0.428125 0.05625 0.19375
0 0.27109375 0.41562499999999997 0.060937500000000006 0.21875
0 0.6625000000000001 0.41354166666666664 0.07500000000000001 0.2604166666666667
0 0.8757812500000001 0.5177083333333333 0.1921875 0.4979166666666667
0 0.7273437500000001 0.4125 0.0921875 0.2875
0 0.57578125 0.4145833333333333 0.0734375 0.2708333333333333
0 0.1875 0.42291666666666666 0.046875 0.16666666666666666
0 0.12421875 0.4270833333333333 0.0484375 0.16666666666666666
0 0.89453125 0.4 0.0734375 0.24166666666666667
0 0.52890625 0.40729166666666666 0.0328125 0.14375
0 0.546875 0.5145833333333333 0.153125 0.5
0 0.5906250000000001 0.39166666666666666 0.05625 0.24583333333333332
0 0.328125 0.4114583333333333 0.046875 0.18541666666666667
0 0.37812500000000004 0.4166666666666667 0.043750000000000004 0.16666666666666666
0 0.80625 0.409375 0.043750000000000004 0.14791666666666667
0 0.86484375 0.48854166666666665 0.1546875 0.43124999999999997
0 0.484375 0.4010416666666667 0.043750000000000004 0.21041666666666667
0 0.51875 0.4125 0.046875 0.20833333333333334
0 0.0890625 0.4458333333333333 0.028125 0.11666666666666667
