0 0.28828125 0.5697916666666667 0.2328125 0.6604166666666667
0 0.91953125 0.5572916666666666 0.1609375 0.73125
0 0.06640625 0.4197916666666667 0.0421875 0.14791666666666667
0 0.13671875 0.41354166666666664 0.045312500000000006 0.15625
0 0.79609375 0.38958333333333334 0.051562500000000004 0.15
0 0.178125 0.40625 0.03125 0.07916666666666666
0 0.27187500000000003 0.40520833333333334 0.028125 0.08125
0 0.44453125000000004 0.5041666666666667 0.1421875 0.5125
0 0.7781250000000001 0.5333333333333333 0.153125 0.6208333333333333
0 0.9125000000000001 0.5 0.16562500000000002 0.5541666666666667
0 0.02109375 0.4322916666666667 0.035937500000000004 0.14375
0 0.578125 0.40208333333333335 0.043750000000000004 0.13333333333333333
0 0.61875 0.40520833333333334 0.03125 0.12708333333333333
0 0.64453125 0.4083333333333333 0.035937500000000004 0.12916666666666665
0 0.6843750000000001 0.40520833333333334 0.021875000000000002 0.11875
0 0.7156250000000001 0.40520833333333334 0.021875000000000002 0.11041666666666666
