0 0.24423963133640553 0.1688144329896907 0.059907834101382486 0.15721649484536082
0 0.3271889400921659 0.1713917525773196 0.06451612903225806 0.16237113402061856
0 0.358294930875576 0.4652061855670103 0.10368663594470046 0.2654639175257732
0 0.2707373271889401 0.47164948453608246 0.11290322580645161 0.28865979381443296
0 0.21313364055299538 0.42010309278350516 0.1175115207373272 0.30412371134020616
0 0.4412442396313364 0.48711340206185566 0.11290322580645161 0.29381443298969073
0 0.5357142857142857 0.48195876288659795 0.11290322580645161 0.29381443298969073
0 0.42857142857142855 0.6378865979381443 0.1336405529953917 0.18298969072164947
0 0.24193548387096775 0.663659793814433 0.12903225806451613 0.14175257731958762
0 0.565668202764977 0.6288659793814433 0.1359447004608295 0.20618556701030927
0 0.001152073732718894 0.001288659793814433 -0.002304147465437788 -0.002577319587628866
0 0.001152073732718894 0.001288659793814433 -0.002304147465437788 -0.002577319587628866
0 0.001152073732718894 0.001288659793814433 -0.002304147465437788 -0.002577319587628866
0 0.001152073732718894 0.001288659793814433 -0.002304147465437788 -0.002577319587628866
0 0.001152073732718894 0.001288659793814433 -0.002304147465437788 -0.002577319587628866
0 0.29723502304147464 0.06958762886597938 0.03686635944700461 0.10309278350515463
