0 0.0 0.0 0.0 0.0
0 0.0 0.0 0.0 0.0
0 0.0 0.0 0.0 0.0
0 0.0 0.0 0.0 0.0
0 0.0 0.0 0.0 0.0
0 0.0 0.0 0.0 0.0
0 0.15937500000000002 0.08541666666666667 0.028218750000000004 0.0875
0 0.20468750000000002 0.08958333333333333 0.028218750000000004 0.0875
0 0.0 0.0 0.0 0.0
0 0.0 0.0 0.0 0.0
0 0.0 0.0 0.0 0.0
0 0.0 0.0 0.0 0.0
0 0.1453125 0.178125 0.04635937500000001 0.14375
0 0.0 0.0 0.0 0.0
0 0.0 0.0 0.0 0.0
0 0.13671875 0.14166666666666666 0.03628125 0.1125
0 0.24200682814992033 0.051041666666666666 0.02082812500000002 0.06458333333333333
0 0.0 0.0 0.0 0.0
0 0.0 0.0 0.0 0.0
0 0.19687500000000002 0.328125 0.07860937500000001 0.24375
