0 0.0 0.0 0.0 0.0
0 0.21640625000000002 0.28469636524822695 0.06941040558510639 0.21522606382978726
0 0.34218750000000003 0.28854166666666664 0.06920312499999999 0.21458333333333332
0 0.0 0.0 0.0 0.0
0 0.0 0.0 0.0 0.0
0 0.0 0.0 0.0 0.0
0 0.18046875 0.16875 0.043 0.13333333333333333
0 0.23671875 0.16979166666666667 0.04098437499999999 0.12708333333333333
0 0.0 0.0 0.0 0.0
0 0.0 0.0 0.0 0.0
0 0.0 0.0 0.0 0.0
0 0.19921875 0.3677083333333333 0.07592187499999999 0.23541666666666666
0 0.36811889453748003 0.375 0.07928125000000003 0.24583333333333332
0 0.26171875 0.3854166666666667 0.0725625 0.225
0 0.4337133672248804 0.3885416666666667 0.07189062499999999 0.22291666666666665
0 0.1484375 0.057291666666666664 0.022171874999999997 0.06875
