0 0.15625 0.49583333333333335 0.0671875 0.20833333333333334
0 0.22578125000000002 0.5020833333333333 0.05106250000000001 0.15833333333333333
0 0.27265625 0.5 0.044343749999999994 0.1375
0 0.33828125000000003 0.5 0.044343749999999994 0.1375
0 0.3765625 0.5104166666666666 0.07121875000000003 0.22083333333333333
0 0.4609375 0.5177083333333333 0.07592187499999997 0.23541666666666666
0 0.55703125 0.5177083333333333 0.073234375 0.22708333333333333
0 0.8968750000000001 0.528125 0.08532812500000003 0.26458333333333334
0 0.8375 0.5333333333333333 0.08734375000000005 0.2708333333333333
0 0.6703125000000001 0.5166666666666666 0.06046874999999999 0.1875
0 0.61484375 0.50625 0.04031250000000002 0.125
