0 0.28110599078341014 0.6559278350515464 0.1336405529953917 0.14175257731958762
0 0.23617511520737328 0.16108247422680413 0.0576036866359447 0.15206185567010308
0 0.3191244239631336 0.16108247422680413 0.06221198156682028 0.15721649484536082
0 0.3813364055299539 0.44329896907216493 0.10368663594470046 0.26804123711340205
0 0.2995391705069124 0.431701030927835 0.10599078341013825 0.2706185567010309
0 0.19470046082949308 0.4252577319587629 0.12211981566820276 0.31443298969072164
0 0.3859447004608295 0.5231958762886598 0.12211981566820276 0.31958762886597936
0 0.5046082949308756 0.518041237113402 0.11981566820276497 0.30927835051546393
0 0.1889400921658986 0.6301546391752577 0.11981566820276497 0.2036082474226804
0 0.001152073732718894 0.001288659793814433 -0.002304147465437788 -0.002577319587628866
0 0.001152073732718894 0.001288659793814433 -0.002304147465437788 -0.002577319587628866
0 0.001152073732718894 0.001288659793814433 -0.002304147465437788 -0.002577319587628866
0 0.001152073732718894 0.001288659793814433 -0.002304147465437788 -0.002577319587628866
0 0.001152073732718894 0.001288659793814433 -0.002304147465437788 -0.002577319587628866
0 0.2730414746543779 0.06572164948453608 0.03917050691244239 0.1056701030927835
