0 0.48828125 0.6125 0.0390625 0.125
0 0.42265625 0.6052083333333333 0.0421875 0.13541666666666666
0 0.29765625 0.6 0.0421875 0.13333333333333333
0 0.246875 0.6010416666666667 0.040625 0.12291666666666666
0 0.18984375 0.6125 0.0484375 0.14583333333333334
0 0.0546875 0.5979166666666667 0.043750000000000004 0.1375
0 0.021875000000000002 0.6083333333333333 0.037500000000000006 0.11666666666666667
0 0.28671875 0.5916666666666667 0.0390625 0.12083333333333333
0 0.30546875 0.5895833333333333 0.0390625 0.11666666666666667
0 0.23203125000000002 0.6010416666666667 0.035937500000000004 0.11041666666666666
