0 0.001152073732718894 0.001288659793814433 -0.002304147465437788 -0.002577319587628866
0 0.2707373271889401 0.2603092783505155 0.08525345622119816 0.21649484536082475
0 0.4619815668202765 0.2654639175257732 0.08525345622119816 0.21649484536082475
0 0.001152073732718894 0.001288659793814433 -0.002304147465437788 -0.002577319587628866
0 0.001152073732718894 0.001288659793814433 -0.002304147465437788 -0.002577319587628866
0 0.001152073732718894 0.001288659793814433 -0.002304147465437788 -0.002577319587628866
0 0.33064516129032256 0.2667525773195876 0.07603686635944701 0.19329896907216496
0 0.3824884792626728 0.2693298969072165 0.07373271889400922 0.19329896907216496
0 0.001152073732718894 0.001288659793814433 -0.002304147465437788 -0.002577319587628866
0 0.001152073732718894 0.001288659793814433 -0.002304147465437788 -0.002577319587628866
0 0.20161290322580644 0.27963917525773196 0.08525345622119816 0.2190721649484536
0 0.326036866359447 0.6082474226804123 0.1497695852534562 0.24742268041237114
0 0.5633640552995391 0.6172680412371134 0.1497695852534562 0.22938144329896906
0 0.4216589861751152 0.6288659793814433 0.14746543778801843 0.20103092783505155
0 0.6624423963133641 0.625 0.1313364055299539 0.20876288659793815
0 0.001152073732718894 0.001288659793814433 -0.002304147465437788 -0.002577319587628866
0 0.16013824884792627 0.08891752577319588 0.03456221198156682 0.09536082474226804
