0 0.265625 0.5260416666666666 0.07995312499999999 0.24791666666666667
0 0.3359375 0.50625 0.069875 0.21666666666666667
0 0.35085925039872407 0.5041666666666667 0.05375000000000001 0.16666666666666666
0 0.48281250000000003 0.509375 0.03695312499999997 0.11458333333333333
0 0.5203125000000001 0.5489583333333333 0.034265625000000015 0.10625
0 0.5125000000000001 0.515625 0.03829687499999999 0.11875
0 0.5484375 0.5177083333333333 0.05173437500000003 0.16041666666666665
0 0.6178078274521531 0.5167442375886526 0.0591750332446809 0.1834884751773052
0 0.6546875000000001 0.55 0.11825000000000002 0.36666666666666664
0 0.765625 0.5177083333333333 0.05979687499999997 0.18541666666666667
0 0.4563147926634769 0.5052083333333334 0.030234375000000036 0.09375
