0 0.001152073732718894 0.001288659793814433 -0.002304147465437788 -0.002577319587628866
0 0.23963133640552994 0.19716494845360824 0.06451612903225806 0.17268041237113402
0 0.36981566820276496 0.1958762886597938 0.06682027649769585 0.17525773195876287
0 0.4009216589861751 0.6082474226804123 0.1382488479262673 0.24742268041237114
0 0.2764976958525346 0.6005154639175257 0.14746543778801843 0.25773195876288657
0 0.001152073732718894 0.001288659793814433 -0.002304147465437788 -0.002577319587628866
0 0.39631336405529954 0.38144329896907214 0.0967741935483871 0.25257731958762886
0 0.49078341013824883 0.3801546391752577 0.0967741935483871 0.2551546391752577
0 0.001152073732718894 0.001288659793814433 -0.002304147465437788 -0.002577319587628866
0 0.001152073732718894 0.001288659793814433 -0.002304147465437788 -0.002577319587628866
0 0.4043778801843318 0.4639175257731959 0.11290322580645161 0.29381443298969073
0 0.001152073732718894 0.001288659793814433 -0.002304147465437788 -0.002577319587628866
0 0.001152073732718894 0.001288659793814433 -0.002304147465437788 -0.002577319587628866
0 0.001152073732718894 0.001288659793814433 -0.002304147465437788 -0.002577319587628866
0 0.001152073732718894 0.001288659793814433 -0.002304147465437788 -0.002577319587628866
0 0.001152073732718894 0.001288659793814433 -0.002304147465437788 -0.002577319587628866
0 0.2903225806451613 0.07603092783505154 0.041474654377880185 0.1056701030927835
