0 0.001152073732718894 0.001288659793814433 -0.002304147465437788 -0.002577319587628866
0 0.24308755760368664 0.19716494845360824 0.06682027649769585 0.17268041237113402
0 0.37442396313364057 0.19716494845360824 0.06682027649769585 0.17268041237113402
0 0.4009216589861751 0.6146907216494846 0.1382488479262673 0.22422680412371135
0 0.28456221198156684 0.6069587628865979 0.14055299539170507 0.23969072164948454
0 0.001152073732718894 0.001288659793814433 -0.002304147465437788 -0.002577319587628866
0 0.3974654377880184 0.3788659793814433 0.0944700460829493 0.24742268041237114
0 0.48847926267281105 0.3801546391752577 0.0967741935483871 0.2551546391752577
0 0.001152073732718894 0.001288659793814433 -0.002304147465437788 -0.002577319587628866
0 0.001152073732718894 0.001288659793814433 -0.002304147465437788 -0.002577319587628866
0 0.39055299539170507 0.4471649484536082 0.10829493087557604 0.2809278350515464
0 0.001152073732718894 0.001288659793814433 -0.002304147465437788 -0.002577319587628866
0 0.001152073732718894 0.001288659793814433 -0.002304147465437788 -0.002577319587628866
0 0.001152073732718894 0.001288659793814433 -0.002304147465437788 -0.002577319587628866
0 0.001152073732718894 0.001288659793814433 -0.002304147465437788 -0.002577319587628866
0 0.001152073732718894 0.001288659793814433 -0.002304147465437788 -0.002577319587628866
0 0.2880184331797235 0.07603092783505154 0.041474654377880185 0.1056701030927835
