0 0.001152073732718894 0.001288659793814433 -0.002304147465437788 -0.002577319587628866
0 0.28225806451612906 0.3002577319587629 0.08986175115207373 0.2345360824742268
0 0.45506912442396313 0.30412371134020616 0.0944700460829493 0.2422680412371134
0 0.001152073732718894 0.001288659793814433 -0.002304147465437788 -0.002577319587628866
0 0.001152073732718894 0.001288659793814433 -0.002304147465437788 -0.002577319587628866
0 0.001152073732718894 0.001288659793814433 -0.002304147465437788 -0.002577319587628866
0 0.3087557603686636 0.23582474226804123 0.06451612903225806 0.17268041237113402
0 0.3824884792626728 0.24097938144329897 0.06912442396313365 0.17783505154639176
0 0.001152073732718894 0.001288659793814433 -0.002304147465437788 -0.002577319587628866
0 0.001152073732718894 0.001288659793814433 -0.002304147465437788 -0.002577319587628866
0 0.15092165898617513 0.23582474226804123 0.07142857142857142 0.18814432989690721
0 0.3087557603686636 0.5567010309278351 0.1336405529953917 0.3402061855670103
0 0.5195852534562212 0.5657216494845361 0.12672811059907835 0.3324742268041237
0 0.40898617511520735 0.5760309278350515 0.1175115207373272 0.3170103092783505
0 0.6140552995391705 0.5760309278350515 0.10829493087557604 0.2963917525773196
0 0.22580645161290322 0.061855670103092786 0.03225806451612903 0.08247422680412371
