0 0.001152073732718894 0.001288659793814433 -0.002304147465437788 -0.002577319587628866
0 0.3294930875576037 0.37242268041237114 0.10599078341013825 0.2757731958762887
0 0.5288018433179723 0.37628865979381443 0.10829493087557604 0.28350515463917525
0 0.001152073732718894 0.001288659793814433 -0.002304147465437788 -0.002577319587628866
0 0.001152073732718894 0.001288659793814433 -0.002304147465437788 -0.002577319587628866
0 0.001152073732718894 0.001288659793814433 -0.002304147465437788 -0.002577319587628866
0 0.24769585253456222 0.2036082474226804 0.06221198156682028 0.16494845360824742
0 0.3467741935483871 0.20231958762886598 0.06221198156682028 0.15721649484536082
0 0.001152073732718894 0.001288659793814433 -0.002304147465437788 -0.002577319587628866
0 0.001152073732718894 0.001288659793814433 -0.002304147465437788 -0.002577319587628866
0 0.001152073732718894 0.001288659793814433 -0.002304147465437788 -0.002577319587628866
0 0.28110599078341014 0.4265463917525773 0.10599078341013825 0.2757731958762887
0 0.5748847926267281 0.431701030927835 0.10829493087557604 0.2860824742268041
0 0.3709677419354839 0.43943298969072164 0.10138248847926268 0.2654639175257732
0 0.6647465437788018 0.43556701030927836 0.0944700460829493 0.24742268041237114
0 0.22004608294930875 0.07474226804123711 0.03456221198156682 0.08762886597938144
