0 0.0 0.0 0.0 0.0
0 0.19843750000000004 0.2520833333333333 0.06046875000000003 0.1875
0 0.31796875 0.25729166666666664 0.063828125 0.19791666666666666
0 0.0 0.0 0.0 0.0
0 0.0 0.0 0.0 0.0
0 0.0 0.0 0.0 0.0
0 0.203125 0.1891334219858156 0.046741057180851066 0.14493351063829785
0 0.24921875000000002 0.18958333333333333 0.04568750000000002 0.14166666666666666
0 0.0 0.0 0.0 0.0
0 0.0 0.0 0.0 0.0
0 0.0 0.0 0.0 0.0
0 0.20468750000000002 0.428125 0.083984375 0.2604166666666667
0 0.34609375000000003 0.434375 0.08667187500000001 0.26875
0 0.26796875000000003 0.4375 0.08196875000000002 0.25416666666666665
0 0.39609375 0.44166666666666665 0.07928125000000003 0.24583333333333332
0 0.15390625000000002 0.052083333333333336 0.02284375000000001 0.07083333333333333
