0 0.001152073732718894 0.001288659793814433 -0.002304147465437788 -0.002577319587628866
0 0.33294930875576034 0.3943298969072165 0.10829493087557604 0.28350515463917525
0 0.5241935483870968 0.4020618556701031 0.11290322580645161 0.29381443298969073
0 0.001152073732718894 0.001288659793814433 -0.002304147465437788 -0.002577319587628866
0 0.001152073732718894 0.001288659793814433 -0.002304147465437788 -0.002577319587628866
0 0.001152073732718894 0.001288659793814433 -0.002304147465437788 -0.002577319587628866
0 0.2523041474654378 0.19329896907216496 0.0576036866359447 0.15463917525773196
0 0.34101382488479265 0.19072164948453607 0.05529953917050691 0.14948453608247422
0 0.001152073732718894 0.001288659793814433 -0.002304147465437788 -0.002577319587628866
0 0.001152073732718894 0.001288659793814433 -0.002304147465437788 -0.002577319587628866
0 0.001152073732718894 0.001288659793814433 -0.002304147465437788 -0.002577319587628866
0 0.2488479262672811 0.4007731958762887 0.10138248847926268 0.2603092783505155
0 0.6013824884792627 0.4059278350515464 0.10599078341013825 0.2706185567010309
0 0.4251152073732719 0.4072164948453608 0.0944700460829493 0.2422680412371134
0 0.652073732718894 0.4020618556701031 0.08755760368663594 0.2268041237113402
0 0.21774193548387097 0.08118556701030928 0.03456221198156682 0.09536082474226804
