0 0.0 0.0 0.0 0.0
0 0.26484375 0.4145833333333333 0.09137499999999998 0.2833333333333333
0 0.41015625 0.42604166666666665 0.09607812500000001 0.29791666666666666
0 0.0 0.0 0.0 0.0
0 0.0 0.0 0.0 0.0
0 0.0 0.0 0.0 0.0
0 0.19296875000000002 0.13229166666666667 0.03560937500000001 0.11041666666666666
0 0.23203125000000002 0.13020833333333334 0.03560937499999999 0.11041666666666666
0 0.0 0.0 0.0 0.0
0 0.0 0.0 0.0 0.0
0 0.0 0.0 0.0 0.0
0 0.16562500000000002 0.24895833333333334 0.057109375 0.17708333333333334
0 0.27421875 0.25104166666666666 0.05442187500000002 0.16875
0 0.22890625 0.2520833333333333 0.05106250000000001 0.15833333333333333
0 0.3171875 0.25416666666666665 0.05240624999999999 0.1625
0 0.1375 0.07916666666666666 0.025531250000000005 0.07916666666666666
0 0.14375000000000002 0.06354166666666666 0.028890624999999993 0.08958333333333333
