0 0.40390625 0.5989583333333334 0.2765625 0.7354166666666666
0 0.10312500000000001 0.42291666666666666 0.046875 0.1625
0 0.178125 0.41770833333333335 0.053125000000000006 0.16875
0 0.76171875 0.396875 0.0390625 0.13958333333333334
0 0.1703125 0.41562499999999997 0.03125 0.08958333333333333
0 0.26953125 0.403125 0.029687500000000002 0.07708333333333334
0 0.17343750000000002 0.5197916666666667 0.11875000000000001 0.48541666666666666
0 0.43125 0.5354166666666667 0.209375 0.5875
0 0.55625 0.5270833333333333 0.15625 0.5416666666666666
0 0.047656250000000004 0.42916666666666664 0.0390625 0.15
0 0.9109375000000001 0.465625 0.153125 0.5354166666666667
0 0.71015625 0.4125 0.0421875 0.12916666666666665
0 0.6671875 0.403125 0.034375 0.13125
0 0.6351562500000001 0.4114583333333333 0.029687500000000002 0.13541666666666666
0 0.85546875 0.39479166666666665 0.035937500000000004 0.13958333333333334
