0 0.001152073732718894 0.001288659793814433 -0.002304147465437788 -0.002577319587628866
0 0.40898617511520735 0.5554123711340206 0.1497695852534562 0.3427835051546392
0 0.6336405529953917 0.5631443298969072 0.14746543778801843 0.3427835051546392
0 0.001152073732718894 0.001288659793814433 -0.002304147465437788 -0.002577319587628866
0 0.001152073732718894 0.001288659793814433 -0.002304147465437788 -0.002577319587628866
0 0.001152073732718894 0.001288659793814433 -0.002304147465437788 -0.002577319587628866
0 0.28110599078341014 0.15206185567010308 0.05069124423963134 0.13402061855670103
0 0.33064516129032256 0.15077319587628865 0.04838709677419355 0.12628865979381443
0 0.001152073732718894 0.001288659793814433 -0.002304147465437788 -0.002577319587628866
0 0.001152073732718894 0.001288659793814433 -0.002304147465437788 -0.002577319587628866
0 0.001152073732718894 0.001288659793814433 -0.002304147465437788 -0.002577319587628866
0 0.24539170506912442 0.2757731958762887 0.07603686635944701 0.1958762886597938
0 0.38940092165898615 0.2757731958762887 0.07373271889400922 0.19072164948453607
0 0.3294930875576037 0.2822164948453608 0.06912442396313365 0.18298969072164947
0 0.44239631336405527 0.28865979381443296 0.06912442396313365 0.18041237113402062
0 0.19470046082949308 0.1095360824742268 0.03917050691244239 0.1056701030927835
0 0.27880184331797236 0.07860824742268041 0.041474654377880185 0.11082474226804123
