0 0.0 0.0 0.0 0.0
0 0.234375 0.3541666666666667 0.08062500000000002 0.25
0 0.36250000000000004 0.3625 0.08331250000000004 0.2583333333333333
0 0.0 0.0 0.0 0.0
0 0.0 0.0 0.0 0.0
0 0.0 0.0 0.0 0.0
0 0.18515625000000002 0.14375 0.03628125000000002 0.1125
0 0.2265625 0.14583333333333334 0.038968749999999996 0.12083333333333333
0 0.0 0.0 0.0 0.0
0 0.0 0.0 0.0 0.0
0 0.0 0.0 0.0 0.0
0 0.18046875 0.2864583333333333 0.061140625 0.18958333333333333
0 0.32656250000000003 0.28125 0.057781249999999985 0.17916666666666667
0 0.2828125 0.2916666666666667 0.05912500000000001 0.18333333333333332
0 0.38175525817384365 0.2916666666666667 0.05643749999999997 0.175
0 0.1421875 0.07083333333333333 0.024187500000000008 0.075
0 0.11063721092503986 0.06390514184397157 0.028890625000000003 0.08958333333333333
