0 0.28359375000000003 0.5 0.05509374999999999 0.17083333333333334
0 0.36640625000000004 0.5041666666666667 0.05643750000000001 0.175
0 0.44062500000000004 0.4927083333333333 0.034265625000000015 0.10625
0 0.48281250000000003 0.49583333333333335 0.03762499999999998 0.11666666666666667
0 0.509375 0.4947916666666667 0.045015625000000004 0.13958333333333334
0 0.5484375 0.5041666666666667 0.042999999999999976 0.13333333333333333
0 0.5859375 0.5052083333333334 0.089359375 0.27708333333333335
0 0.6468750000000001 0.5489583333333333 0.140421875 0.4354166666666667
0 0.74140625 0.5552083333333333 0.17132812500000005 0.53125
0 0.88203125 0.6604166666666667 0.12093749999999998 0.375
