0 0.0 0.0 0.0 0.0
0 0.24921875000000002 0.37916666666666665 0.086 0.26666666666666666
0 0.37812500000000004 0.3854166666666667 0.08734374999999997 0.2708333333333333
0 0.0 0.0 0.0 0.0
0 0.0 0.0 0.0 0.0
0 0.0 0.0 0.0 0.0
0 0.1921875 0.13854166666666667 0.03695312499999999 0.11458333333333333
0 0.22734375 0.13958333333333334 0.03762500000000002 0.11666666666666667
0 0.0 0.0 0.0 0.0
0 0.0 0.0 0.0 0.0
0 0.0 0.0 0.0 0.0
0 0.178125 0.26875 0.05912499999999998 0.18333333333333332
0 0.29765625 0.2677083333333333 0.058453124999999995 0.18125
0 0.25234375000000003 0.2737477836879433 0.05428607047872341 0.1683289007092199
0 0.35652100777511964 0.2765093085106383 0.054723503989361745 0.1696852836879433
0 0.14140625 0.07395833333333333 0.024859374999999996 0.07708333333333334
0 0.11580567185007978 0.06458333333333333 0.029562500000000005 0.09166666666666666
