0 0.001152073732718894 0.001288659793814433 -0.002304147465437788 -0.002577319587628866
0 0.3974654377880184 0.5528350515463918 0.1497695852534562 0.3582474226804124
0 0.630184331797235 0.5618556701030928 0.14516129032258066 0.3402061855670103
0 0.001152073732718894 0.001288659793814433 -0.002304147465437788 -0.002577319587628866
0 0.001152073732718894 0.001288659793814433 -0.002304147465437788 -0.002577319587628866
0 0.001152073732718894 0.001288659793814433 -0.002304147465437788 -0.002577319587628866
0 0.2799539170506912 0.1559278350515464 0.052995391705069124 0.13659793814432988
0 0.33064516129032256 0.15077319587628865 0.04838709677419355 0.12628865979381443
0 0.001152073732718894 0.001288659793814433 -0.002304147465437788 -0.002577319587628866
0 0.001152073732718894 0.001288659793814433 -0.002304147465437788 -0.002577319587628866
0 0.001152073732718894 0.001288659793814433 -0.002304147465437788 -0.002577319587628866
0 0.24423963133640553 0.27963917525773196 0.07834101382488479 0.19845360824742267
0 0.38940092165898615 0.2809278350515464 0.07834101382488479 0.20103092783505155
0 0.3294930875576037 0.28350515463917525 0.06912442396313365 0.18556701030927836
0 0.44239631336405527 0.28865979381443296 0.06912442396313365 0.18041237113402062
0 0.19470046082949308 0.1095360824742268 0.03917050691244239 0.1056701030927835
0 0.2707373271889401 0.07860824742268041 0.04377880184331797 0.11082474226804123
