0 0.7072256279904308 0.5412123226950354 0.05404305186170211 0.16757535460992912
0 0.36328125 0.5385416666666667 0.066515625 0.20625
0 0.302869505083732 0.5261857269503546 0.07179770611702128 0.22262854609929086
0 0.26171875 0.53125 0.0645 0.2
0 0.2078125 0.5249224290780141 0.08470628324468087 0.26265514184397165
0 0.8719397926634769 0.55 0.04031249999999993 0.125
0 0.03359375 0.509375 0.039640625000000006 0.12291666666666666
0 0.51015625 0.5270833333333333 0.034937500000000024 0.10833333333333334
0 0.5734375 0.5260416666666666 0.03560937500000003 0.11041666666666666
0 0.58828125 0.5260416666666666 0.03292187499999999 0.10208333333333333
0 0.8289062500000001 0.5291666666666667 0.03224999999999998 0.1
0 0.8572405801435409 0.5318927304964539 0.02881914893617026 0.0893617021276596
