0 0.0 0.0 0.0 0.0
0 0.20859375000000002 0.25676640070921986 0.06080182845744684 0.18853280141843975
0 0.32578125 0.25903147163120566 0.058231549202127655 0.18056294326241135
0 0.0 0.0 0.0 0.0
0 0.0 0.0 0.0 0.0
0 0.0 0.0 0.0 0.0
0 0.1916311553030303 0.17464760638297872 0.04277270611702127 0.13262854609929076
0 0.23828125 0.17916666666666667 0.04300000000000002 0.13333333333333333
0 0.0 0.0 0.0 0.0
0 0.0 0.0 0.0 0.0
0 0.0 0.0 0.0 0.0
0 0.20703125 0.4083333333333333 0.08196874999999999 0.25416666666666665
0 0.33203125 0.4145833333333333 0.08465625000000002 0.2625
0 0.26171875 0.4125 0.07659374999999997 0.2375
0 0.39765625000000004 0.421875 0.07726562500000003 0.23958333333333334
0 0.15078125 0.05520833333333333 0.020828125 0.06458333333333333
