0 0.001152073732718894 0.001288659793814433 -0.002304147465437788 -0.002577319587628866
0 0.40898617511520735 0.538659793814433 0.14055299539170507 0.36597938144329895
0 0.6324884792626728 0.5502577319587629 0.1497695852534562 0.3634020618556701
0 0.001152073732718894 0.001288659793814433 -0.002304147465437788 -0.002577319587628866
0 0.001152073732718894 0.001288659793814433 -0.002304147465437788 -0.002577319587628866
0 0.001152073732718894 0.001288659793814433 -0.002304147465437788 -0.002577319587628866
0 0.28225806451612906 0.15850515463917525 0.052995391705069124 0.13659793814432988
0 0.3387096774193548 0.1559278350515464 0.05069124423963134 0.13144329896907217
0 0.001152073732718894 0.001288659793814433 -0.002304147465437788 -0.002577319587628866
0 0.001152073732718894 0.001288659793814433 -0.002304147465437788 -0.002577319587628866
0 0.001152073732718894 0.001288659793814433 -0.002304147465437788 -0.002577319587628866
0 0.24423963133640553 0.28865979381443296 0.07834101382488479 0.20103092783505155
0 0.391705069124424 0.2912371134020619 0.07834101382488479 0.20103092783505155
0 0.33064516129032256 0.3002577319587629 0.07603686635944701 0.19329896907216496
0 0.4435483870967742 0.2899484536082474 0.06682027649769585 0.17783505154639176
0 0.19700460829493088 0.1056701030927835 0.03917050691244239 0.10309278350515463
0 0.2488479262672811 0.07989690721649484 0.041474654377880185 0.1134020618556701
