0 0.0 0.0 0.0 0.0
0 0.26796875000000003 0.425 0.0940625 0.2916666666666667
0 0.42031250000000003 0.4427083333333333 0.09742187500000005 0.3020833333333333
0 0.0 0.0 0.0 0.0
0 0.0 0.0 0.0 0.0
0 0.0 0.0 0.0 0.0
0 0.18906250000000002 0.128125 0.03560937500000001 0.11041666666666666
0 0.22890625 0.128125 0.03560937499999999 0.11041666666666666
0 0.0 0.0 0.0 0.0
0 0.0 0.0 0.0 0.0
0 0.0 0.0 0.0 0.0
0 0.16171875000000002 0.23958333333333334 0.05509374999999999 0.17083333333333334
0 0.2671875 0.23369680851063823 0.04971874999999999 0.15416666666666667
0 0.2265625 0.24479166666666666 0.05173437500000003 0.16041666666666665
0 0.30781250000000004 0.24375 0.05106250000000001 0.15833333333333333
0 0.134375 0.08229166666666667 0.027546874999999995 0.08541666666666667
0 0.15859375 0.06458333333333333 0.029562500000000005 0.09166666666666666
