0 0.31562500000000004 0.5166666666666666 0.043750000000000004 0.13333333333333333
0 0.34453125 0.5166666666666666 0.0421875 0.13333333333333333
0 0.49765625 0.515625 0.1046875 0.3229166666666667
0 0.5875 0.525 0.10312500000000001 0.3208333333333333
0 0.08046875 0.49166666666666664 0.0703125 0.22083333333333333
0 0.15703125 0.5125 0.0390625 0.125
0 0.2328125 0.5135416666666667 0.034375 0.10625
0 0.3796875 0.5083333333333333 0.034375 0.10416666666666667
0 0.66171875 0.525 0.0484375 0.15
0 0.2484375 0.509375 0.034375 0.10625
0 0.8523437500000001 0.5447916666666667 0.1015625 0.31875
0 0.9546875 0.5583333333333333 0.09062500000000001 0.425
0 0.74921875 0.5239583333333333 0.0328125 0.10208333333333333
0 0.790625 0.5416666666666666 0.040625 0.12916666666666665
