0 0.0 0.0 0.0 0.0
0 0.25625000000000003 0.4010416666666667 0.08801562500000003 0.27291666666666664
0 0.39609375 0.41041666666666665 0.09271875000000002 0.2875
0 0.0 0.0 0.0 0.0
0 0.0 0.0 0.0 0.0
0 0.0 0.0 0.0 0.0
0 0.1921875 0.134375 0.03695312499999999 0.11458333333333333
0 0.22968750000000002 0.13333333333333333 0.03628125 0.1125
0 0.0 0.0 0.0 0.0
0 0.0 0.0 0.0 0.0
0 0.0 0.0 0.0 0.0
0 0.1640625 0.253125 0.057109375 0.17708333333333334
0 0.28515625 0.25729166666666664 0.057109374999999976 0.17708333333333334
0 0.23359375000000002 0.2590802304964539 0.05154424867021277 0.15982712765957446
0 0.33125000000000004 0.2635416666666667 0.05173437500000003 0.16041666666666665
0 0.13828125 0.07916666666666666 0.025531250000000005 0.07916666666666666
0 0.134375 0.06666666666666667 0.030906250000000003 0.09583333333333333
