0 0.8015625000000001 0.5635416666666666 0.06785937500000001 0.21041666666666667
0 0.6203125 0.54375 0.04703125000000004 0.14583333333333334
0 0.6375000000000001 0.5427083333333333 0.042328124999999966 0.13125
0 0.56796875 0.5489583333333333 0.04770312499999996 0.14791666666666667
0 0.32578125 0.565625 0.100109375 0.3104166666666667
0 0.22734375 0.5489583333333333 0.11220312500000001 0.34791666666666665
0 0.11515525941985645 0.5298204787234042 0.10707829122340429 0.3320257092198582
0 0.06796875000000001 0.5354166666666667 0.13034375000000004 0.4041666666666667
0 0.9296875 0.565625 0.043671875000000075 0.13541666666666666
0 0.84375 0.5427083333333333 0.03292187500000008 0.10208333333333333
0 0.8695312500000001 0.5447916666666667 0.03157812500000006 0.09791666666666667
0 0.403125 0.525 0.026875000000000027 0.08333333333333333
