0 0.001152073732718894 0.001288659793814433 -0.002304147465437788 -0.002577319587628866
0 0.24193548387096775 0.19072164948453607 0.06451612903225806 0.17010309278350516
0 0.358294930875576 0.19072164948453607 0.06682027649769585 0.17525773195876287
0 0.3778801843317972 0.5927835051546392 0.12442396313364056 0.26288659793814434
0 0.2511520737327189 0.5927835051546392 0.12903225806451613 0.28350515463917525
0 0.001152073732718894 0.001288659793814433 -0.002304147465437788 -0.002577319587628866
0 0.42626728110599077 0.39304123711340205 0.0967741935483871 0.25
0 0.5138248847926268 0.3943298969072165 0.0967741935483871 0.25257731958762886
0 0.001152073732718894 0.001288659793814433 -0.002304147465437788 -0.002577319587628866
0 0.001152073732718894 0.001288659793814433 -0.002304147465437788 -0.002577319587628866
0 0.4470046082949309 0.5077319587628866 0.1336405529953917 0.35051546391752575
0 0.001152073732718894 0.001288659793814433 -0.002304147465437788 -0.002577319587628866
0 0.001152073732718894 0.001288659793814433 -0.002304147465437788 -0.002577319587628866
0 0.001152073732718894 0.001288659793814433 -0.002304147465437788 -0.002577319587628866
0 0.001152073732718894 0.001288659793814433 -0.002304147465437788 -0.002577319587628866
0 0.001152073732718894 0.001288659793814433 -0.002304147465437788 -0.002577319587628866
0 0.29493087557603687 0.07474226804123711 0.041474654377880185 0.10309278350515463
