0 0.06640625 0.5177083333333333 0.0546875 0.17291666666666666
0 0.26640625 0.5052083333333334 0.0390625 0.11875
0 0.46875 0.515625 0.037500000000000006 0.11458333333333333
0 0.8992187500000001 0.5552083333333333 0.07968750000000001 0.24791666666666667
0 0.96875 0.5791666666666666 0.0625 0.225
0 0.96015625 0.5302083333333333 0.0578125 0.18125
0 0.9320312500000001 0.5260416666666666 0.045312500000000006 0.13958333333333334
0 0.45234375000000004 0.528125 0.026562500000000003 0.08541666666666667
0 0.6015625 0.5083333333333333 0.028125 0.0875
0 0.25078125 0.5041666666666667 0.0328125 0.1
0 0.32890625 0.5020833333333333 0.026562500000000003 0.08333333333333333
0 0.39921875 0.5125 0.0234375 0.075
0 0.1796875 0.5083333333333333 0.028125 0.0875
0 0.2015625 0.5125 0.025 0.07916666666666666
0 0.5796875 0.5104166666666666 0.028125 0.08333333333333333
