0 0.001152073732718894 0.001288659793814433 -0.002304147465437788 -0.002577319587628866
0 0.24423963133640553 0.20231958762886598 0.06912442396313365 0.17783505154639176
0 0.3790322580645161 0.20103092783505155 0.07142857142857142 0.18041237113402062
0 0.4228110599078341 0.6288659793814433 0.15898617511520738 0.20618556701030927
0 0.2868663594470046 0.625 0.14516129032258066 0.20876288659793815
0 0.001152073732718894 0.001288659793814433 -0.002304147465437788 -0.002577319587628866
0 0.37557603686635943 0.3685567010309278 0.09216589861751152 0.2422680412371134
0 0.4608294930875576 0.3634020618556701 0.08755760368663594 0.23195876288659795
0 0.001152073732718894 0.001288659793814433 -0.002304147465437788 -0.002577319587628866
0 0.001152073732718894 0.001288659793814433 -0.002304147465437788 -0.002577319587628866
0 0.3513824884792627 0.44458762886597936 0.1175115207373272 0.3015463917525773
0 0.001152073732718894 0.001288659793814433 -0.002304147465437788 -0.002577319587628866
0 0.001152073732718894 0.001288659793814433 -0.002304147465437788 -0.002577319587628866
0 0.001152073732718894 0.001288659793814433 -0.002304147465437788 -0.002577319587628866
0 0.001152073732718894 0.001288659793814433 -0.002304147465437788 -0.002577319587628866
0 0.001152073732718894 0.001288659793814433 -0.002304147465437788 -0.002577319587628866
0 0.28456221198156684 0.07731958762886598 0.04377880184331797 0.10824742268041238
