0 0.001152073732718894 0.001288659793814433 -0.002304147465437788 -0.002577319587628866
0 0.4435483870967742 0.6224226804123711 0.1728110599078341 0.21391752577319587
0 0.695852534562212 0.6314432989690721 0.16589861751152074 0.1958762886597938
0 0.001152073732718894 0.001288659793814433 -0.002304147465437788 -0.002577319587628866
0 0.001152073732718894 0.001288659793814433 -0.002304147465437788 -0.002577319587628866
0 0.001152073732718894 0.001288659793814433 -0.002304147465437788 -0.002577319587628866
0 0.28456221198156684 0.13917525773195877 0.052995391705069124 0.13402061855670103
0 0.3294930875576037 0.13659793814432988 0.04608294930875576 0.12371134020618557
0 0.001152073732718894 0.001288659793814433 -0.002304147465437788 -0.002577319587628866
0 0.001152073732718894 0.001288659793814433 -0.002304147465437788 -0.002577319587628866
0 0.001152073732718894 0.001288659793814433 -0.002304147465437788 -0.002577319587628866
0 0.15668202764976957 0.23969072164948454 0.06912442396313365 0.18041237113402062
0 0.35253456221198154 0.2306701030927835 0.06451612903225806 0.17268041237113402
0 0.27764976958525345 0.23969072164948454 0.06682027649769585 0.17010309278350516
0 0.32142857142857145 0.259020618556701 0.06221198156682028 0.16752577319587628
0 0.195852534562212 0.13144329896907217 0.04608294930875576 0.12371134020618557
0 0.35253456221198154 0.06443298969072164 0.041474654377880185 0.10824742268041238
