0 0.025 0.6010416666666667 0.040625 0.12708333333333333
0 0.1328125 0.6104166666666666 0.05 0.15416666666666667
0 0.15937500000000002 0.6145833333333334 0.05 0.15416666666666667
0 0.1953125 0.6104166666666666 0.046875 0.14583333333333334
0 0.22265625 0.6072916666666667 0.045312500000000006 0.13958333333333334
0 0.565625 0.575 0.018750000000000003 0.0625
0 0.7953125000000001 0.58125 0.021875000000000002 0.07083333333333333
0 0.5328125 0.571875 0.015625 0.052083333333333336
0 0.52265625 0.5760416666666667 0.0171875 0.052083333333333336
0 0.05625 0.5979166666666667 0.043750000000000004 0.13333333333333333
