0 0.9609782819976079 0.5332890070921986 0.07659374999999997 0.2375
0 0.07734375 0.49583333333333335 0.134375 0.4166666666666667
0 0.22887385366826152 0.53125 0.1370625 0.425
0 0.30546875 0.49583333333333335 0.04568750000000002 0.14166666666666666
0 0.36171875000000003 0.5 0.04300000000000002 0.13333333333333333
0 0.41640625000000003 0.496875 0.03560937499999999 0.11041666666666666
0 0.45390625 0.5020833333333333 0.038968749999999996 0.12083333333333333
0 0.49853468899521536 0.5072916666666667 0.03829687499999999 0.11875
0 0.56484375 0.5270833333333333 0.0940625 0.2916666666666667
0 0.6531250000000001 0.5822916666666667 0.06382812500000004 0.19791666666666666
0 0.6156250000000001 0.5125 0.07121874999999998 0.22083333333333333
0 0.7359375 0.5416666666666666 0.05509374999999999 0.17083333333333334
0 0.7689119816586922 0.5135416666666667 0.05173437500000003 0.16041666666666665
0 0.8234375 0.53125 0.07928125000000003 0.24583333333333332
0 0.63828125 0.5135416666666667 0.062484375000000016 0.19375
0 0.46953125 0.5020833333333333 0.030906249999999958 0.09583333333333333
