0 0.06171875 0.540625 0.08801562499999999 0.27291666666666664
0 0.19068979266347688 0.509375 0.10548437499999999 0.32708333333333334
0 0.26012385366826163 0.5672983156028368 0.06812383643617026 0.21123670212765966
0 0.32034489633173846 0.5321476063829786 0.09348354388297873 0.28987145390070923
0 0.36796875 0.5282247340425532 0.0758575465425532 0.2352171985815603
0 0.4883136463317385 0.513175975177305 0.09497024601063836 0.2944813829787235
0 0.5640625 0.5208333333333334 0.09271874999999996 0.2875
0 0.1219933712121212 0.5116799645390071 0.036367021276595766 0.11276595744680856
0 0.8636201654704945 0.5318927304964539 0.08371276595744687 0.25957446808510637
0 0.818165620015949 0.5308289007092198 0.08028191489361705 0.2489361702127661
0 0.9170491925837321 0.559552304964539 0.06861702127659584 0.21276595744680857
