0 0.0 0.0 0.0 0.0
0 0.0 0.0 0.0 0.0
0 0.0 0.0 0.0 0.0
0 0.0 0.0 0.0 0.0
0 0.0 0.0 0.0 0.0
0 0.0 0.0 0.0 0.0
0 0.17343750000000002 0.09375 0.030906250000000003 0.09583333333333333
0 0.21250000000000002 0.09270833333333334 0.030234375000000015 0.09375
0 0.0 0.0 0.0 0.0
0 0.0 0.0 0.0 0.0
0 0.0 0.0 0.0 0.0
0 0.0 0.0 0.0 0.0
0 0.17734375000000002 0.17083333333333334 0.044343749999999994 0.1375
0 0.102216033692185 0.18958333333333333 0.04300000000000001 0.13333333333333333
0 0.0 0.0 0.0 0.0
0 0.1375 0.13645833333333332 0.03560937500000001 0.11041666666666666
0 0.23984375000000002 0.051041666666666666 0.02082812500000002 0.06458333333333333
0 0.0 0.0 0.0 0.0
0 0.0 0.0 0.0 0.0
0 0.17343750000000002 0.30416666666666664 0.07121875000000003 0.22083333333333333
