0 0.27764976958525345 0.6610824742268041 0.1359447004608295 0.16237113402061856
0 0.2350230414746544 0.15850515463917525 0.059907834101382486 0.15206185567010308
0 0.3191244239631336 0.16108247422680413 0.06221198156682028 0.15721649484536082
0 0.3882488479262673 0.44329896907216493 0.10829493087557604 0.28350515463917525
0 0.29838709677419356 0.4304123711340206 0.10368663594470046 0.26804123711340205
0 0.2073732718894009 0.4265463917525773 0.11981566820276497 0.3118556701030928
0 0.3859447004608295 0.5231958762886598 0.12211981566820276 0.31958762886597936
0 0.5069124423963134 0.5167525773195876 0.1152073732718894 0.2963917525773196
0 0.1578341013824885 0.6353092783505154 0.1313364055299539 0.21391752577319587
0 0.001152073732718894 0.001288659793814433 -0.002304147465437788 -0.002577319587628866
0 0.001152073732718894 0.001288659793814433 -0.002304147465437788 -0.002577319587628866
0 0.001152073732718894 0.001288659793814433 -0.002304147465437788 -0.002577319587628866
0 0.001152073732718894 0.001288659793814433 -0.002304147465437788 -0.002577319587628866
0 0.001152073732718894 0.001288659793814433 -0.002304147465437788 -0.002577319587628866
0 0.2695852534562212 0.06572164948453608 0.041474654377880185 0.1056701030927835
