0 0.0 0.0 0.0 0.0
0 0.17578125 0.18645833333333334 0.050390625 0.15625
0 0.29375 0.18958333333333333 0.05106250000000001 0.15833333333333333
0 0.0 0.0 0.0 0.0
0 0.0 0.0 0.0 0.0
0 0.0 0.0 0.0 0.0
0 0.2314113586523126 0.24375 0.05375000000000001 0.16666666666666666
0 0.27734375 0.2552083333333333 0.05442187500000002 0.16875
0 0.0 0.0 0.0 0.0
0 0.0 0.0 0.0 0.0
0 0.15390625000000002 0.2760416666666667 0.06382812500000001 0.19791666666666666
0 0.309375 0.5666666666666667 0.01612499999999999 0.05
0 0.4890625 0.5770833333333333 0.009406249999999972 0.029166666666666667
0 0.0 0.0 0.0 0.0
0 0.5320312500000001 0.5864583333333333 0.003359374999999965 0.010416666666666666
0 0.0 0.0 0.0 0.0
0 0.12187500000000001 0.065625 0.030234375000000015 0.09375
