0 0.001152073732718894 0.001288659793814433 -0.002304147465437788 -0.002577319587628866
0 0.47465437788018433 0.6520618556701031 0.16589861751152074 0.17010309278350516
0 0.7338709677419355 0.6739690721649484 0.1497695852534562 0.11597938144329897
0 0.001152073732718894 0.001288659793814433 -0.002304147465437788 -0.002577319587628866
0 0.001152073732718894 0.001288659793814433 -0.002304147465437788 -0.002577319587628866
0 0.001152073732718894 0.001288659793814433 -0.002304147465437788 -0.002577319587628866
0 0.2857142857142857 0.12886597938144329 0.04608294930875576 0.12371134020618557
0 0.33064516129032256 0.11984536082474227 0.03917050691244239 0.10051546391752578
0 0.001152073732718894 0.001288659793814433 -0.002304147465437788 -0.002577319587628866
0 0.001152073732718894 0.001288659793814433 -0.002304147465437788 -0.002577319587628866
0 0.001152073732718894 0.001288659793814433 -0.002304147465437788 -0.002577319587628866
0 0.001152073732718894 0.001288659793814433 -0.002304147465437788 -0.002577319587628866
0 0.33064516129032256 0.2229381443298969 0.06221198156682028 0.16237113402061856
0 0.2488479262672811 0.22551546391752578 0.06451612903225806 0.16237113402061856
0 0.21658986175115208 0.24742268041237114 0.06451612903225806 0.16494845360824742
0 0.20622119815668202 0.14304123711340205 0.052995391705069124 0.13659793814432988
0 0.35368663594470046 0.06314432989690721 0.029953917050691243 0.07989690721649484
