0 0.0 0.0 0.0 0.0
0 0.0 0.0 0.0 0.0
0 0.0 0.0 0.0 0.0
0 0.0 0.0 0.0 0.0
0 0.0 0.0 0.0 0.0
0 0.0 0.0 0.0 0.0
0 0.14921875 0.08229166666666667 0.027546874999999995 0.08541666666666667
0 0.2015625 0.08541666666666667 0.028218750000000004 0.0875
0 0.0 0.0 0.0 0.0
0 0.0 0.0 0.0 0.0
0 0.0 0.0 0.0 0.0
0 0.0 0.0 0.0 0.0
0 0.100653533692185 0.18541666666666667 0.04703125 0.14583333333333334
0 0.0 0.0 0.0 0.0
0 0.0 0.0 0.0 0.0
0 0.14453125 0.15416666666666667 0.038968749999999996 0.12083333333333333
0 0.2425257924641148 0.051041666666666666 0.02082812500000002 0.06458333333333333
0 0.0 0.0 0.0 0.0
0 0.0 0.0 0.0 0.0
0 0.225 0.3677083333333333 0.08532812500000003 0.26458333333333334
