0 0.0 0.0 0.0 0.0
0 0.22187500000000002 0.29375 0.06987500000000002 0.21666666666666667
0 0.35703125 0.29791666666666666 0.0725625 0.225
0 0.0 0.0 0.0 0.0
0 0.0 0.0 0.0 0.0
0 0.0 0.0 0.0 0.0
0 0.17343750000000002 0.165625 0.04232812500000001 0.13125
0 0.23359375000000002 0.16354166666666667 0.04098437499999999 0.12708333333333333
0 0.0 0.0 0.0 0.0
0 0.0 0.0 0.0 0.0
0 0.0 0.0 0.0 0.0
0 0.19843750000000002 0.35520833333333335 0.073234375 0.22708333333333333
0 0.38046875 0.35625 0.07390624999999998 0.22916666666666666
0 0.25625000000000003 0.36354166666666665 0.07054687500000001 0.21875
0 0.4510204844497608 0.365625 0.06785937500000001 0.21041666666666667
0 0.1484375 0.057291666666666664 0.022171874999999997 0.06875
