0 0.001152073732718894 0.001288659793814433 -0.002304147465437788 -0.002577319587628866
0 0.2707373271889401 0.27190721649484534 0.08064516129032258 0.21391752577319587
0 0.45506912442396313 0.2757731958762887 0.08525345622119816 0.22164948453608246
0 0.001152073732718894 0.001288659793814433 -0.002304147465437788 -0.002577319587628866
0 0.001152073732718894 0.001288659793814433 -0.002304147465437788 -0.002577319587628866
0 0.001152073732718894 0.001288659793814433 -0.002304147465437788 -0.002577319587628866
0 0.326036866359447 0.25773195876288657 0.07142857142857142 0.18556701030927836
0 0.3882488479262673 0.26417525773195877 0.07142857142857142 0.18814432989690721
0 0.001152073732718894 0.001288659793814433 -0.002304147465437788 -0.002577319587628866
0 0.001152073732718894 0.001288659793814433 -0.002304147465437788 -0.002577319587628866
0 0.19009216589861752 0.26417525773195877 0.08064516129032258 0.20876288659793815
0 0.3352534562211982 0.5979381443298969 0.1543778801843318 0.26804123711340205
0 0.5460829493087558 0.6018041237113402 0.16589861751152074 0.2654639175257732
0 0.4078341013824885 0.6172680412371134 0.15207373271889402 0.22938144329896906
0 0.6555299539170507 0.6172680412371134 0.1497695852534562 0.2190721649484536
0 0.001152073732718894 0.001288659793814433 -0.002304147465437788 -0.002577319587628866
