0 0.28046875 0.525 0.07525 0.23333333333333334
0 0.3359375 0.50625 0.0671875 0.20833333333333334
0 0.35546875 0.5041666666666667 0.05375000000000001 0.16666666666666666
0 0.48281250000000003 0.509375 0.03695312499999997 0.11458333333333333
0 0.5125000000000001 0.509375 0.034265625000000015 0.10625
0 0.521875 0.5489583333333333 0.034265625000000015 0.10625
0 0.5484375 0.5177083333333333 0.05173437500000003 0.16041666666666665
0 0.63203125 0.5354166666666667 0.10884375000000004 0.3375
0 0.6756720619019139 0.5645833333333333 0.044343749999999994 0.1375
0 0.7578125 0.521875 0.05710937500000002 0.17708333333333334
0 0.45390625 0.5083333333333333 0.028218750000000004 0.0875
0 0.41066960725677826 0.505296985815603 0.025388297872340405 0.07872340425531921
