0 0.001152073732718894 0.001288659793814433 -0.002304147465437788 -0.002577319587628866
0 0.24308755760368664 0.17396907216494845 0.06221198156682028 0.16237113402061856
0 0.33640552995391704 0.1765463917525773 0.06451612903225806 0.16752577319587628
0 0.3640552995391705 0.4961340206185567 0.10599078341013825 0.2809278350515464
0 0.24308755760368664 0.5012886597938144 0.11290322580645161 0.2963917525773196
0 0.23387096774193547 0.39819587628865977 0.10829493087557604 0.2860824742268041
0 0.45161290322580644 0.4587628865979381 0.11059907834101382 0.28350515463917525
0 0.5426267281105991 0.46005154639175255 0.10829493087557604 0.2809278350515464
0 0.4930875576036866 0.6507731958762887 0.12903225806451613 0.15206185567010308
0 0.27764976958525345 0.6907216494845361 0.10829493087557604 0.08762886597938144
0 0.5702764976958525 0.5992268041237113 0.1359447004608295 0.2551546391752577
0 0.001152073732718894 0.001288659793814433 -0.002304147465437788 -0.002577319587628866
0 0.001152073732718894 0.001288659793814433 -0.002304147465437788 -0.002577319587628866
0 0.001152073732718894 0.001288659793814433 -0.002304147465437788 -0.002577319587628866
0 0.001152073732718894 0.001288659793814433 -0.002304147465437788 -0.002577319587628866
0 0.001152073732718894 0.001288659793814433 -0.002304147465437788 -0.002577319587628866
0 0.3099078341013825 0.07345360824742268 0.03917050691244239 0.10051546391752578
