0 0.1296875 0.54375 0.19687500000000002 0.6125
0 0.18359375 0.5125 0.08281250000000001 0.2583333333333333
0 0.24609375 0.48854166666666665 0.051562500000000004 0.16041666666666665
0 0.2921875 0.49374999999999997 0.037500000000000006 0.11666666666666667
0 0.33359375 0.49583333333333335 0.0328125 0.1
0 0.36250000000000004 0.496875 0.034375 0.10208333333333333
0 0.3921875 0.5 0.03125 0.09583333333333333
0 0.4390625 0.5010416666666666 0.043750000000000004 0.13541666666666666
0 0.47187500000000004 0.4927083333333333 0.037500000000000006 0.11875
0 0.49921875000000004 0.5010416666666666 0.051562500000000004 0.15625
0 0.58515625 0.51875 0.0578125 0.17916666666666667
0 0.92578125 0.546875 0.1484375 0.5395833333333333
