0 0.001152073732718894 0.001288659793814433 -0.002304147465437788 -0.002577319587628866
0 0.4274193548387097 0.6108247422680412 0.16820276497695852 0.2422680412371134
0 0.6762672811059908 0.6301546391752577 0.15898617511520738 0.21391752577319587
0 0.001152073732718894 0.001288659793814433 -0.002304147465437788 -0.002577319587628866
0 0.001152073732718894 0.001288659793814433 -0.002304147465437788 -0.002577319587628866
0 0.001152073732718894 0.001288659793814433 -0.002304147465437788 -0.002577319587628866
0 0.28225806451612906 0.13788659793814434 0.04838709677419355 0.12628865979381443
0 0.32373271889400923 0.13659793814432988 0.04838709677419355 0.12371134020618557
0 0.001152073732718894 0.001288659793814433 -0.002304147465437788 -0.002577319587628866
0 0.001152073732718894 0.001288659793814433 -0.002304147465437788 -0.002577319587628866
0 0.001152073732718894 0.001288659793814433 -0.002304147465437788 -0.002577319587628866
0 0.16589861751152074 0.2422680412371134 0.06912442396313365 0.18041237113402062
0 0.35253456221198154 0.23711340206185566 0.06912442396313365 0.18041237113402062
0 0.29493087557603687 0.2461340206185567 0.06451612903225806 0.16752577319587628
0 0.35253456221198154 0.2603092783505155 0.06451612903225806 0.17010309278350516
0 0.19009216589861752 0.13144329896907217 0.04838709677419355 0.12371134020618557
0 0.3467741935483871 0.07345360824742268 0.03917050691244239 0.10051546391752578
