0 0.0 0.0 0.0 0.0
0 0.0 0.0 0.0 0.0
0 0.0 0.0 0.0 0.0
0 0.0 0.0 0.0 0.0
0 0.0 0.0 0.0 0.0
0 0.0 0.0 0.0 0.0
0 0.17734375000000002 0.09375 0.030906250000000003 0.09583333333333333
0 0.215625 0.09479166666666666 0.028890625000000017 0.08958333333333333
0 0.0 0.0 0.0 0.0
0 0.0 0.0 0.0 0.0
0 0.0 0.0 0.0 0.0
0 0.0 0.0 0.0 0.0
0 0.1921875 0.17083333333333334 0.044343749999999994 0.1375
0 0.12734375 0.18465203900709218 0.045194315159574464 0.1401374113475177
0 0.0 0.0 0.0 0.0
0 0.1421875 0.13132313829787232 0.03632842420212763 0.11264627659574462
0 0.2390625 0.051041666666666666 0.02082812500000002 0.06458333333333333
0 0.0 0.0 0.0 0.0
0 0.0 0.0 0.0 0.0
0 0.12265625000000001 0.29375 0.07121874999999998 0.22083333333333333
