0 0.0 0.0 0.0 0.0
0 0.21484375 0.26817597517730496 0.0600985039893617 0.18635195035460997
0 0.3432410037878788 0.2692176418439717 0.059426628989361734 0.18426861702127664
0 0.0 0.0 0.0 0.0
0 0.0 0.0 0.0 0.0
0 0.0 0.0 0.0 0.0
0 0.18281250000000002 0.16979166666666667 0.04232812499999999 0.13125
0 0.234375 0.17291666666666666 0.04300000000000002 0.13333333333333333
0 0.0 0.0 0.0 0.0
0 0.0 0.0 0.0 0.0
0 0.0 0.0 0.0 0.0
0 0.20234375000000002 0.38125 0.07659374999999997 0.2375
0 0.3565160237240829 0.3854166666666667 0.07793749999999999 0.24166666666666667
0 0.26171875 0.3875 0.07390624999999998 0.22916666666666666
0 0.4306662430223286 0.38994680851063823 0.07121875000000003 0.22083333333333333
0 0.1484375 0.057291666666666664 0.022171874999999997 0.06875
