0 0.1015625 0.5145833333333333 0.0625 0.19166666666666665
0 0.26015625000000003 0.4979166666666667 0.0390625 0.125
0 0.28515625 0.5010416666666666 0.0484375 0.15208333333333332
0 0.5281250000000001 0.5229166666666667 0.037500000000000006 0.1125
0 0.55625 0.5104166666666666 0.046875 0.14166666666666666
0 0.9398437500000001 0.503125 0.0671875 0.21041666666666667
0 0.96875 0.5145833333333333 0.0625 0.21666666666666667
0 0.4234375 0.5010416666666666 0.028125 0.08958333333333333
0 0.20390625 0.5020833333333333 0.0328125 0.1
0 0.6273437500000001 0.4927083333333333 0.0328125 0.10208333333333333
0 0.603125 0.49583333333333335 0.03125 0.09583333333333333
0 0.375 0.4927083333333333 0.028125 0.08541666666666667
0 0.1765625 0.5041666666666667 0.03125 0.09583333333333333
