0 0.0 0.0 0.0 0.0
0 0.23984375000000002 0.36875 0.0833125 0.2583333333333333
0 0.36796875 0.3833333333333333 0.086 0.26666666666666666
0 0.0 0.0 0.0 0.0
0 0.0 0.0 0.0 0.0
0 0.0 0.0 0.0 0.0
0 0.1875 0.13958333333333334 0.034937500000000024 0.10833333333333334
0 0.22812500000000002 0.14375 0.03762500000000002 0.11666666666666667
0 0.0 0.0 0.0 0.0
0 0.0 0.0 0.0 0.0
0 0.0 0.0 0.0 0.0
0 0.18046875 0.2739583333333333 0.05979687499999997 0.18541666666666667
0 0.31093750000000003 0.27291666666666664 0.06046875000000003 0.1875
0 0.26171875 0.2791666666666667 0.05375000000000001 0.16666666666666666
0 0.3666454844497608 0.28289671985815606 0.055889993351063844 0.17330230496453905
0 0.14140625 0.07395833333333333 0.024859374999999996 0.07708333333333334
0 0.11237103767942583 0.065625 0.030234374999999994 0.09375
