0 0.0 0.0 0.0 0.0
0 0.0 0.0 0.0 0.0
0 0.0 0.0 0.0 0.0
0 0.0 0.0 0.0 0.0
0 0.0 0.0 0.0 0.0
0 0.0 0.0 0.0 0.0
0 0.16831327252791067 0.09270833333333334 0.03157812499999999 0.09791666666666667
0 0.21171875 0.09270833333333334 0.030234375000000015 0.09375
0 0.0 0.0 0.0 0.0
0 0.0 0.0 0.0 0.0
0 0.0 0.0 0.0 0.0
0 0.0 0.0 0.0 0.0
0 0.17421875 0.17083333333333334 0.044343749999999994 0.1375
0 0.0 0.0 0.0 0.0
0 0.1375 0.1375 0.0349375 0.10833333333333334
0 0.23984375000000002 0.051041666666666666 0.02082812500000002 0.06458333333333333
0 0.0 0.0 0.0 0.0
0 0.0 0.0 0.0 0.0
0 0.18203125 0.3104166666666667 0.0725625 0.225
