0 0.26328125 0.5666666666666667 0.18906250000000002 0.5833333333333334
0 0.46875 0.5135416666666667 0.0625 0.19375
0 0.49843750000000003 0.515625 0.053125000000000006 0.16458333333333333
0 0.91953125 0.5770833333333333 0.1609375 0.7333333333333333
0 0.66171875 0.5145833333333333 0.029687500000000002 0.0875
0 0.6804687500000001 0.51875 0.029687500000000002 0.09166666666666666
0 0.5320312500000001 0.515625 0.026562500000000003 0.08541666666666667
0 0.7093750000000001 0.5322916666666666 0.018750000000000003 0.06458333333333333
0 0.59375 0.5125 0.021875000000000002 0.06666666666666667
0 0.56640625 0.5041666666666667 0.0140625 0.06666666666666667
0 0.5789062500000001 0.503125 0.0171875 0.06458333333333333
