0 0.001152073732718894 0.001288659793814433 -0.002304147465437788 -0.002577319587628866
0 0.2707373271889401 0.2693298969072165 0.08064516129032258 0.21391752577319587
0 0.45622119815668205 0.2757731958762887 0.08294930875576037 0.21649484536082475
0 0.001152073732718894 0.001288659793814433 -0.002304147465437788 -0.002577319587628866
0 0.001152073732718894 0.001288659793814433 -0.002304147465437788 -0.002577319587628866
0 0.001152073732718894 0.001288659793814433 -0.002304147465437788 -0.002577319587628866
0 0.3248847926267281 0.259020618556701 0.07373271889400922 0.18814432989690721
0 0.3882488479262673 0.26417525773195877 0.07142857142857142 0.18814432989690721
0 0.001152073732718894 0.001288659793814433 -0.002304147465437788 -0.002577319587628866
0 0.001152073732718894 0.001288659793814433 -0.002304147465437788 -0.002577319587628866
0 0.18548387096774194 0.2667525773195876 0.07603686635944701 0.2036082474226804
0 0.3271889400921659 0.6005154639175257 0.16129032258064516 0.27319587628865977
0 0.5449308755760368 0.6082474226804123 0.1497695852534562 0.23195876288659795
0 0.41589861751152074 0.6211340206185567 0.14055299539170507 0.22164948453608246
0 0.6624423963133641 0.6172680412371134 0.1497695852534562 0.21391752577319587
0 0.001152073732718894 0.001288659793814433 -0.002304147465437788 -0.002577319587628866
