0 0.0 0.0 0.0 0.0
0 0.0 0.0 0.0 0.0
0 0.0 0.0 0.0 0.0
0 0.0 0.0 0.0 0.0
0 0.0 0.0 0.0 0.0
0 0.0 0.0 0.0 0.0
0 0.14296875 0.078125 0.027546874999999995 0.08541666666666667
0 0.20468750000000002 0.08541666666666667 0.028218750000000004 0.0875
0 0.0 0.0 0.0 0.0
0 0.0 0.0 0.0 0.0
0 0.0 0.0 0.0 0.0
0 0.0 0.0 0.0 0.0
0 0.0 0.0 0.0 0.0
0 0.0 0.0 0.0 0.0
0 0.14453125 0.15416666666666667 0.038968749999999996 0.12083333333333333
0 0.2425257924641148 0.05 0.02015625000000001 0.0625
0 0.0 0.0 0.0 0.0
0 0.0 0.0 0.0 0.0
0 0.23125 0.3729166666666667 0.08600000000000002 0.26666666666666666
