0 0.2880184331797235 0.5695876288659794 0.12903225806451613 0.3402061855670103
0 0.24193548387096775 0.13402061855670103 0.05529953917050691 0.13917525773195877
0 0.32027649769585254 0.13402061855670103 0.05529953917050691 0.14432989690721648
0 0.31797235023041476 0.3247422680412371 0.07834101382488479 0.20103092783505155
0 0.22465437788018433 0.32603092783505155 0.08064516129032258 0.21391752577319587
0 0.4792626728110599 0.5244845360824743 0.14285714285714285 0.3685567010309278
0 0.3974654377880184 0.6185567010309279 0.12211981566820276 0.2268041237113402
0 0.5610599078341014 0.6224226804123711 0.14516129032258066 0.2190721649484536
0 0.001152073732718894 0.001288659793814433 -0.002304147465437788 -0.002577319587628866
0 0.001152073732718894 0.001288659793814433 -0.002304147465437788 -0.002577319587628866
0 0.001152073732718894 0.001288659793814433 -0.002304147465437788 -0.002577319587628866
0 0.001152073732718894 0.001288659793814433 -0.002304147465437788 -0.002577319587628866
0 0.001152073732718894 0.001288659793814433 -0.002304147465437788 -0.002577319587628866
0 0.001152073732718894 0.001288659793814433 -0.002304147465437788 -0.002577319587628866
0 0.001152073732718894 0.001288659793814433 -0.002304147465437788 -0.002577319587628866
0 0.001152073732718894 0.001288659793814433 -0.002304147465437788 -0.002577319587628866
0 0.21313364055299538 0.05412371134020619 0.03917050691244239 0.10309278350515463
