0 0.29375 0.5291666666666667 0.07525 0.23333333333333334
0 0.33515625000000004 0.5114583333333333 0.066515625 0.20625
0 0.35703125 0.5041666666666667 0.05375000000000001 0.16666666666666666
0 0.47734375 0.509375 0.03964062500000001 0.12291666666666666
0 0.5086909389952154 0.5156250000000001 0.03560937500000003 0.11041666666666666
0 0.5203125000000001 0.5510416666666667 0.03292187499999999 0.10208333333333333
0 0.5437500000000001 0.5177083333333333 0.05173437500000003 0.16041666666666665
0 0.6171875 0.5322916666666666 0.10682812500000001 0.33125
0 0.6687015924043063 0.557568705673759 0.045194315159574575 0.140137411347518
0 0.7562500000000001 0.5197916666666667 0.05845312500000004 0.18125
0 0.45546875000000003 0.5052083333333334 0.030234375000000036 0.09375
