0 0.001152073732718894 0.001288659793814433 -0.002304147465437788 -0.002577319587628866
0 0.4112903225806452 0.586340206185567 0.1497695852534562 0.2912371134020619
0 0.6394009216589862 0.5927835051546392 0.16820276497695852 0.28350515463917525
0 0.001152073732718894 0.001288659793814433 -0.002304147465437788 -0.002577319587628866
0 0.001152073732718894 0.001288659793814433 -0.002304147465437788 -0.002577319587628866
0 0.001152073732718894 0.001288659793814433 -0.002304147465437788 -0.002577319587628866
0 0.2730414746543779 0.14432989690721648 0.04838709677419355 0.12886597938144329
0 0.326036866359447 0.14561855670103094 0.04838709677419355 0.12628865979381443
0 0.001152073732718894 0.001288659793814433 -0.002304147465437788 -0.002577319587628866
0 0.001152073732718894 0.001288659793814433 -0.002304147465437788 -0.002577319587628866
0 0.001152073732718894 0.001288659793814433 -0.002304147465437788 -0.002577319587628866
0 0.2108294930875576 0.2538659793814433 0.07142857142857142 0.18298969072164947
0 0.3836405529953917 0.25644329896907214 0.07142857142857142 0.18814432989690721
0 0.3122119815668203 0.2603092783505155 0.06682027649769585 0.17525773195876287
0 0.4205069124423963 0.27190721649484534 0.06682027649769585 0.17268041237113402
0 0.18778801843317972 0.125 0.04838709677419355 0.12628865979381443
0 0.3248847926267281 0.07345360824742268 0.041474654377880185 0.1056701030927835
