0 0.001152073732718894 0.001288659793814433 -0.002304147465437788 -0.002577319587628866
0 0.4735023041474654 0.663659793814433 0.15898617511520738 0.13659793814432988
0 0.7396313364055299 0.6765463917525774 0.14746543778801843 0.11597938144329897
0 0.001152073732718894 0.001288659793814433 -0.002304147465437788 -0.002577319587628866
0 0.001152073732718894 0.001288659793814433 -0.002304147465437788 -0.002577319587628866
0 0.001152073732718894 0.001288659793814433 -0.002304147465437788 -0.002577319587628866
0 0.28456221198156684 0.12757731958762886 0.04838709677419355 0.1211340206185567
0 0.3283410138248848 0.12628865979381443 0.04377880184331797 0.1134020618556701
0 0.001152073732718894 0.001288659793814433 -0.002304147465437788 -0.002577319587628866
0 0.001152073732718894 0.001288659793814433 -0.002304147465437788 -0.002577319587628866
0 0.001152073732718894 0.001288659793814433 -0.002304147465437788 -0.002577319587628866
0 0.001152073732718894 0.001288659793814433 -0.002304147465437788 -0.002577319587628866
0 0.3271889400921659 0.2229381443298969 0.06451612903225806 0.16237113402061856
0 0.24308755760368664 0.22551546391752578 0.06221198156682028 0.16237113402061856
0 0.20161290322580644 0.2461340206185567 0.06221198156682028 0.16237113402061856
0 0.20622119815668202 0.14948453608247422 0.052995391705069124 0.13917525773195877
0 0.35368663594470046 0.06572164948453608 0.03456221198156682 0.08505154639175258
