0 0.65546875 0.540625 0.050390625 0.15625
0 0.39921875 0.5385416666666667 0.050390625 0.15625
0 0.35781250000000003 0.5296210106382978 0.05480069813829789 0.16992464539007096
0 0.2984375 0.5274268617021276 0.06024717420212764 0.18681294326241135
0 0.32734375000000004 0.5291666666666667 0.04971874999999999 0.15416666666666667
0 0.27109375 0.5239583333333333 0.055765625 0.17291666666666666
0 0.8210937500000001 0.553125 0.04098437500000003 0.12708333333333333
0 0.051562500000000004 0.5052083333333334 0.035609375 0.11041666666666666
0 0.4961585426634769 0.5323803191489361 0.028890625000000017 0.08958333333333333
0 0.5657221889952154 0.5333333333333333 0.03090625000000005 0.09583333333333333
0 0.45213691188197774 0.5191267730496454 0.02058510638297877 0.06382978723404259
0 0.8381018241626794 0.5404033687943262 0.02881914893617026 0.08936170212765966
0 0.8604303728070175 0.5446586879432623 0.0274468085106383 0.08510638297872337
