0 0.001152073732718894 0.001288659793814433 -0.002304147465437788 -0.002577319587628866
0 0.33064516129032256 0.4252577319587629 0.1175115207373272 0.30412371134020616
0 0.5230414746543779 0.43427835051546393 0.11981566820276497 0.3170103092783505
0 0.001152073732718894 0.001288659793814433 -0.002304147465437788 -0.002577319587628866
0 0.001152073732718894 0.001288659793814433 -0.002304147465437788 -0.002577319587628866
0 0.001152073732718894 0.001288659793814433 -0.002304147465437788 -0.002577319587628866
0 0.2672811059907834 0.1842783505154639 0.05529953917050691 0.14175257731958762
0 0.3352534562211982 0.1842783505154639 0.0576036866359447 0.14690721649484537
0 0.001152073732718894 0.001288659793814433 -0.002304147465437788 -0.002577319587628866
0 0.001152073732718894 0.001288659793814433 -0.002304147465437788 -0.002577319587628866
0 0.001152073732718894 0.001288659793814433 -0.002304147465437788 -0.002577319587628866
0 0.26497695852534564 0.3646907216494845 0.09216589861751152 0.23969072164948454
0 0.5080645161290323 0.3698453608247423 0.0944700460829493 0.25
0 0.42857142857142855 0.37371134020618557 0.08755760368663594 0.2268041237113402
0 0.5887096774193549 0.3711340206185567 0.08525345622119816 0.2268041237113402
0 0.20852534562211983 0.08634020618556701 0.03456221198156682 0.09020618556701031
