0 0.7125 0.5333333333333333 0.046875 0.14166666666666666
0 0.940625 0.5760416666666667 0.11875000000000001 0.4895833333333333
0 0.46718750000000003 0.5302083333333333 0.05 0.15625
0 0.030468750000000003 0.5 0.0421875 0.12916666666666665
0 0.56640625 0.5302083333333333 0.0328125 0.10625
0 0.53515625 0.5229166666666667 0.0390625 0.12083333333333333
0 0.50703125 0.5260416666666666 0.035937500000000004 0.11458333333333333
0 0.48203125 0.51875 0.0421875 0.12916666666666665
0 0.8812500000000001 0.55 0.034375 0.10416666666666667
0 0.209375 0.5083333333333333 0.03125 0.09583333333333333
0 0.61484375 0.528125 0.0234375 0.07291666666666667
0 0.67734375 0.5302083333333333 0.026562500000000003 0.08125
