0 0.001152073732718894 0.001288659793814433 -0.002304147465437788 -0.002577319587628866
0 0.2523041474654378 0.21391752577319587 0.07142857142857142 0.18041237113402062
0 0.39631336405529954 0.22164948453608246 0.06912442396313365 0.18556701030927836
0 0.3986175115207373 0.6804123711340206 0.12903225806451613 0.1134020618556701
0 0.27764976958525345 0.6842783505154639 0.12211981566820276 0.11082474226804123
0 0.001152073732718894 0.001288659793814433 -0.002304147465437788 -0.002577319587628866
0 0.35023041474654376 0.3376288659793814 0.08755760368663594 0.2268041237113402
0 0.4504608294930876 0.336340206185567 0.08525345622119816 0.22422680412371135
0 0.001152073732718894 0.001288659793814433 -0.002304147465437788 -0.002577319587628866
0 0.001152073732718894 0.001288659793814433 -0.002304147465437788 -0.002577319587628866
0 0.2684331797235023 0.3853092783505155 0.10368663594470046 0.2654639175257732
0 0.001152073732718894 0.001288659793814433 -0.002304147465437788 -0.002577319587628866
0 0.001152073732718894 0.001288659793814433 -0.002304147465437788 -0.002577319587628866
0 0.001152073732718894 0.001288659793814433 -0.002304147465437788 -0.002577319587628866
0 0.001152073732718894 0.001288659793814433 -0.002304147465437788 -0.002577319587628866
0 0.001152073732718894 0.001288659793814433 -0.002304147465437788 -0.002577319587628866
0 0.24078341013824886 0.07860824742268041 0.04377880184331797 0.11082474226804123
