0 0.27419354838709675 0.6353092783505154 0.16589861751152074 0.18814432989690721
0 0.22926267281105991 0.15463917525773196 0.0576036866359447 0.14948453608247422
0 0.3225806451612903 0.15721649484536082 0.05529953917050691 0.14948453608247422
0 0.3778801843317972 0.41365979381443296 0.09216589861751152 0.23969072164948454
0 0.2834101382488479 0.4072164948453608 0.10138248847926268 0.26288659793814434
0 0.23387096774193547 0.42912371134020616 0.12211981566820276 0.3170103092783505
0 0.3859447004608295 0.5528350515463918 0.12672811059907835 0.3324742268041237
0 0.4827188940092166 0.5541237113402062 0.1313364055299539 0.34536082474226804
0 0.001152073732718894 0.001288659793814433 -0.002304147465437788 -0.002577319587628866
0 0.001152073732718894 0.001288659793814433 -0.002304147465437788 -0.002577319587628866
0 0.001152073732718894 0.001288659793814433 -0.002304147465437788 -0.002577319587628866
0 0.001152073732718894 0.001288659793814433 -0.002304147465437788 -0.002577319587628866
0 0.001152073732718894 0.001288659793814433 -0.002304147465437788 -0.002577319587628866
0 0.001152073732718894 0.001288659793814433 -0.002304147465437788 -0.002577319587628866
0 0.001152073732718894 0.001288659793814433 -0.002304147465437788 -0.002577319587628866
0 0.2534562211981567 0.06572164948453608 0.041474654377880185 0.1056701030927835
