0 0.0 0.0 0.0 0.0
0 0.20234375000000002 0.25762632978723404 0.061356482712765975 0.19025265957446807
0 0.32109375 0.2520833333333333 0.057781249999999985 0.17916666666666667
0 0.0 0.0 0.0 0.0
0 0.0 0.0 0.0 0.0
0 0.0 0.0 0.0 0.0
0 0.19356932814992026 0.17961657801418446 0.04252111037234046 0.1318484042553192
0 0.24140625000000002 0.18229166666666666 0.043671874999999985 0.13541666666666666
0 0.0 0.0 0.0 0.0
0 0.0 0.0 0.0 0.0
0 0.0 0.0 0.0 0.0
0 0.20468750000000002 0.41770833333333335 0.08129687499999999 0.2520833333333333
0 0.33515625000000004 0.4197916666666667 0.08532812500000003 0.26458333333333334
0 0.2578125 0.42291666666666666 0.07928125000000003 0.24583333333333332
0 0.39609375 0.42916666666666664 0.07793749999999999 0.24166666666666667
0 0.15078125 0.052083333333333336 0.02284375000000001 0.07083333333333333
