0 0.001152073732718894 0.001288659793814433 -0.002304147465437788 -0.002577319587628866
0 0.40898617511520735 0.586340206185567 0.15898617511520738 0.2860824742268041
0 0.6382488479262672 0.5914948453608248 0.17050691244239632 0.2809278350515464
0 0.001152073732718894 0.001288659793814433 -0.002304147465437788 -0.002577319587628866
0 0.001152073732718894 0.001288659793814433 -0.002304147465437788 -0.002577319587628866
0 0.001152073732718894 0.001288659793814433 -0.002304147465437788 -0.002577319587628866
0 0.27419354838709675 0.14432989690721648 0.05069124423963134 0.12886597938144329
0 0.326036866359447 0.14561855670103094 0.04838709677419355 0.12628865979381443
0 0.001152073732718894 0.001288659793814433 -0.002304147465437788 -0.002577319587628866
0 0.001152073732718894 0.001288659793814433 -0.002304147465437788 -0.002577319587628866
0 0.001152073732718894 0.001288659793814433 -0.002304147465437788 -0.002577319587628866
0 0.20506912442396313 0.25257731958762886 0.06912442396313365 0.18556701030927836
0 0.3778801843317972 0.25257731958762886 0.06912442396313365 0.18556701030927836
0 0.3122119815668203 0.25773195876288657 0.06682027649769585 0.17525773195876287
0 0.4205069124423963 0.27190721649484534 0.06682027649769585 0.17268041237113402
0 0.18778801843317972 0.11984536082474227 0.04377880184331797 0.11597938144329897
0 0.3271889400921659 0.08634020618556701 0.05069124423963134 0.12628865979381443
