0 0.0 0.0 0.0 0.0
0 0.19375 0.24270833333333333 0.061140625 0.18958333333333333
0 0.31328125 0.24895833333333334 0.061140625 0.18958333333333333
0 0.0 0.0 0.0 0.0
0 0.0 0.0 0.0 0.0
0 0.0 0.0 0.0 0.0
0 0.21015625000000002 0.18854166666666666 0.045015625000000004 0.13958333333333334
0 0.2578125 0.19479166666666667 0.04635937499999998 0.14375
0 0.0 0.0 0.0 0.0
0 0.0 0.0 0.0 0.0
0 0.203125 0.453125 0.089359375 0.27708333333333335
0 0.35546875 0.453125 0.08935937500000005 0.27708333333333335
0 0.27734375 0.4635416666666667 0.08264062499999998 0.25625
0 0.4140625 0.465625 0.08129687499999996 0.2520833333333333
0 0.15390625000000002 0.05 0.02150000000000001 0.06666666666666667
