0 0.0 0.0 0.0 0.0
0 0.2171875 0.2687211879432624 0.056418916223404225 0.1749423758865248
0 0.34218750000000003 0.28854166666666664 0.06920312499999999 0.21458333333333332
0 0.0 0.0 0.0 0.0
0 0.0 0.0 0.0 0.0
0 0.0 0.0 0.0 0.0
0 0.1765625 0.16979166666666667 0.04232812500000001 0.13125
0 0.23671875 0.17102615248226952 0.041780618351063836 0.12955230496453904
0 0.0 0.0 0.0 0.0
0 0.0 0.0 0.0 0.0
0 0.0 0.0 0.0 0.0
0 0.19765625 0.36666666666666664 0.07659374999999997 0.2375
0 0.36796875 0.375 0.07928125000000003 0.24583333333333332
0 0.26015625000000003 0.375 0.07121875000000003 0.22083333333333333
0 0.43934534489633176 0.37604166666666666 0.06920312500000003 0.21458333333333332
0 0.14765625000000002 0.057291666666666664 0.022171874999999997 0.06875
