0 0.001152073732718894 0.001288659793814433 -0.002304147465437788 -0.002577319587628866
0 0.23617511520737328 0.1958762886597938 0.06682027649769585 0.17525773195876287
0 0.3629032258064516 0.1958762886597938 0.06682027649769585 0.17525773195876287
0 0.391705069124424 0.6030927835051546 0.14285714285714285 0.26288659793814434
0 0.2707373271889401 0.595360824742268 0.15898617511520738 0.27835051546391754
0 0.001152073732718894 0.001288659793814433 -0.002304147465437788 -0.002577319587628866
0 0.40898617511520735 0.39304123711340205 0.09907834101382489 0.2603092783505155
0 0.5046082949308756 0.3943298969072165 0.0967741935483871 0.25257731958762886
0 0.001152073732718894 0.001288659793814433 -0.002304147465437788 -0.002577319587628866
0 0.001152073732718894 0.001288659793814433 -0.002304147465437788 -0.002577319587628866
0 0.42972350230414746 0.48582474226804123 0.1175115207373272 0.30670103092783507
0 0.001152073732718894 0.001288659793814433 -0.002304147465437788 -0.002577319587628866
0 0.001152073732718894 0.001288659793814433 -0.002304147465437788 -0.002577319587628866
0 0.001152073732718894 0.001288659793814433 -0.002304147465437788 -0.002577319587628866
0 0.001152073732718894 0.001288659793814433 -0.002304147465437788 -0.002577319587628866
0 0.001152073732718894 0.001288659793814433 -0.002304147465437788 -0.002577319587628866
0 0.29493087557603687 0.07603092783505154 0.041474654377880185 0.1056701030927835
