0 0.21015625000000002 0.5239583333333333 0.0890625 0.27708333333333335
0 0.32265625000000003 0.5 0.0765625 0.2375
0 0.35546875 0.49583333333333335 0.06406250000000001 0.19583333333333333
0 0.4765625 0.5052083333333334 0.037500000000000006 0.11458333333333333
0 0.51328125 0.5447916666666667 0.0328125 0.10625
0 0.5164062500000001 0.490625 0.0328125 0.09791666666666667
0 0.55703125 0.5177083333333333 0.0546875 0.16875
0 0.64375 0.5197916666666667 0.06875 0.21458333333333332
0 0.70234375 0.5625 0.045312500000000006 0.14166666666666666
0 0.67734375 0.50625 0.0484375 0.14583333333333334
0 0.8109375000000001 0.5197916666666667 0.043750000000000004 0.13541666666666666
0 0.8992187500000001 0.5645833333333333 0.2015625 0.6583333333333333
0 0.58828125 0.509375 0.0328125 0.10208333333333333
