0 0.28225806451612906 0.6817010309278351 0.11290322580645161 0.08505154639175258
0 0.24078341013824886 0.163659793814433 0.0576036866359447 0.15206185567010308
0 0.31682027649769584 0.16752577319587628 0.06221198156682028 0.15979381443298968
0 0.3778801843317972 0.4368556701030928 0.08755760368663594 0.22938144329896906
0 0.2995391705069124 0.4497422680412371 0.11059907834101382 0.2860824742268041
0 0.20391705069124424 0.4252577319587629 0.12211981566820276 0.31443298969072164
0 0.4066820276497696 0.5038659793814433 0.1175115207373272 0.30670103092783507
0 0.5253456221198156 0.5154639175257731 0.12442396313364056 0.3247422680412371
0 0.29723502304147464 0.6301546391752577 0.12442396313364056 0.19329896907216496
0 0.173963133640553 0.6481958762886598 0.1359447004608295 0.16752577319587628
0 0.5 0.6481958762886598 0.1382488479262673 0.16237113402061856
0 0.001152073732718894 0.001288659793814433 -0.002304147465437788 -0.002577319587628866
0 0.001152073732718894 0.001288659793814433 -0.002304147465437788 -0.002577319587628866
0 0.001152073732718894 0.001288659793814433 -0.002304147465437788 -0.002577319587628866
0 0.001152073732718894 0.001288659793814433 -0.002304147465437788 -0.002577319587628866
0 0.001152073732718894 0.001288659793814433 -0.002304147465437788 -0.002577319587628866
0 0.2891705069124424 0.06701030927835051 0.03917050691244239 0.10824742268041238
