0 0.0 0.0 0.0 0.0
0 0.17343750000000002 0.184375 0.049046875000000004 0.15208333333333332
0 0.29140625000000003 0.1875 0.05240624999999999 0.1625
0 0.0 0.0 0.0 0.0
0 0.0 0.0 0.0 0.0
0 0.0 0.0 0.0 0.0
0 0.2352758672248804 0.25380319148936165 0.05643750000000001 0.175
0 0.2765625 0.2552083333333333 0.05442187500000002 0.16875
0 0.0 0.0 0.0 0.0
0 0.0 0.0 0.0 0.0
0 0.1546875 0.28020833333333334 0.06517187499999999 0.20208333333333334
0 0.32265625000000003 0.5677083333333334 0.015453124999999979 0.04791666666666666
0 0.50234375 0.5770833333333333 0.009406249999999972 0.029166666666666667
0 0.0 0.0 0.0 0.0
0 0.0 0.0 0.0 0.0
0 0.0 0.0 0.0 0.0
0 0.12578125 0.06458333333333333 0.029562500000000005 0.09166666666666666
