0 0.0 0.0 0.0 0.0
0 0.0 0.0 0.0 0.0
0 0.0 0.0 0.0 0.0
0 0.0 0.0 0.0 0.0
0 0.0 0.0 0.0 0.0
0 0.0 0.0 0.0 0.0
0 0.47109375000000003 0.2760416666666667 0.03964062500000001 0.12291666666666666
0 0.44843750000000004 0.309375 0.043671874999999985 0.13541666666666666
0 0.12187500000000001 0.28229166666666666 0.034265625000000015 0.10625
0 0.07187500000000001 0.32395833333333335 0.035609375 0.11041666666666666
0 0.07500000000000001 0.3052083333333333 0.038296875 0.11875
0 0.10035075259170655 0.290625 0.03292187499999999 0.10208333333333333
