0 0.001152073732718894 0.001288659793814433 -0.002304147465437788 -0.002577319587628866
0 0.41244239631336405 0.5889175257731959 0.17050691244239632 0.2860824742268041
0 0.6474654377880185 0.6018041237113402 0.16129032258064516 0.2551546391752577
0 0.001152073732718894 0.001288659793814433 -0.002304147465437788 -0.002577319587628866
0 0.001152073732718894 0.001288659793814433 -0.002304147465437788 -0.002577319587628866
0 0.001152073732718894 0.001288659793814433 -0.002304147465437788 -0.002577319587628866
0 0.27880184331797236 0.14175257731958762 0.05069124423963134 0.12886597938144329
0 0.32373271889400923 0.14561855670103094 0.052995391705069124 0.13144329896907217
0 0.001152073732718894 0.001288659793814433 -0.002304147465437788 -0.002577319587628866
0 0.001152073732718894 0.001288659793814433 -0.002304147465437788 -0.002577319587628866
0 0.001152073732718894 0.001288659793814433 -0.002304147465437788 -0.002577319587628866
0 0.20391705069124424 0.2538659793814433 0.07142857142857142 0.18298969072164947
0 0.3721198156682028 0.25 0.07142857142857142 0.19072164948453607
0 0.315668202764977 0.25644329896907214 0.06912442396313365 0.17783505154639176
0 0.402073732718894 0.2654639175257732 0.06682027649769585 0.17525773195876287
0 0.18778801843317972 0.11984536082474227 0.04377880184331797 0.11597938144329897
0 0.33294930875576034 0.07345360824742268 0.03917050691244239 0.10051546391752578
