0 0.0 0.0 0.0 0.0
0 0.21015625000000002 0.27057402482269505 0.06298899601063833 0.19531471631205677
0 0.33203125 0.27505540780141846 0.06453573803191492 0.20011081560283692
0 0.0 0.0 0.0 0.0
0 0.0 0.0 0.0 0.0
0 0.0 0.0 0.0 0.0
0 0.184375 0.17395833333333333 0.043671874999999985 0.13541666666666666
0 0.23515625 0.17604166666666665 0.043671874999999985 0.13541666666666666
0 0.0 0.0 0.0 0.0
0 0.0 0.0 0.0 0.0
0 0.0 0.0 0.0 0.0
0 0.203125 0.38229166666666664 0.07592187499999999 0.23541666666666666
0 0.34453125 0.39166666666666666 0.07928125000000003 0.24583333333333332
0 0.25859375 0.39791666666666664 0.07390624999999998 0.22916666666666666
0 0.41328125000000004 0.39791666666666664 0.07256250000000004 0.225
0 0.1484375 0.05625 0.02284375000000001 0.07083333333333333
