0 0.03381120406870174 0.5709482981668295 0.05267360109742504 0.6926301644087767
0 0.42842085486821563 0.4165706107322156 0.059076564276072975 0.22790062280951026
0 0.48605321301806637 0.415514182168594 0.07554871255218903 0.23092694602924782
0 0.7063758109427247 0.40405730118134225 0.08099511854532296 0.26941403469600395
0 0.11852421675191822 0.43321330041678513 0.03140096618357504 0.10401362839821916
0 0.3817112630698059 0.42012952097576756 0.05671476950754731 0.2201116557734205
0 0.3401380004529504 0.4239505905551883 0.055870386578482915 0.20708172170386493
0 0.27652793750476096 0.4257339357951802 0.057373506229341634 0.21571169459629821
0 0.33064551364023864 0.42540934530011665 0.0321713377379937 0.14331723027375187
0 0.19998969327176788 0.4967743558776166 0.0949868073878628 0.43687600644122376
0 0.13938117063519276 0.4942603883350483 0.06967793504230242 0.42197207578053064
0 0.5399940969092313 0.40514958392764033 0.05648836184398753 0.22657560079829123
0 0.5895825785024156 0.41133957326892107 0.05645531400966206 0.21479871175523346
0 0.657865143389887 0.5186906398317653 0.17168757569797927 0.5530977201457752
0 0.6620351983463395 0.49102370556174885 0.08091787439613506 0.5442834138486312
0 0.8784375437281661 0.40731910278134653 0.0432796804922349 0.1773354921264083
0 0.6967026267745924 0.40880610983825877 0.07058779312600594 0.27285024154589355
0 0.7435230068023584 0.41133172894761766 0.06430686540920716 0.2631324595055414
