0 0.2730414746543779 0.672680412371134 0.1497695852534562 0.11855670103092783
0 0.23963133640552994 0.16108247422680413 0.059907834101382486 0.15721649484536082
0 0.31797235023041476 0.16237113402061856 0.059907834101382486 0.15463917525773196
0 0.3778801843317972 0.43556701030927836 0.0967741935483871 0.25257731958762886
0 0.30069124423963134 0.4381443298969072 0.10368663594470046 0.27319587628865977
0 0.19930875576036866 0.4252577319587629 0.12211981566820276 0.31443298969072164
0 0.391705069124424 0.518041237113402 0.12442396313364056 0.31958762886597936
0 0.5080645161290323 0.5141752577319587 0.12211981566820276 0.3170103092783505
0 0.21774193548387097 0.625 0.10829493087557604 0.19845360824742267
0 0.12788018433179724 0.645618556701031 0.1313364055299539 0.17268041237113402
0 0.5069124423963134 0.6610824742268041 0.12903225806451613 0.14175257731958762
0 0.001152073732718894 0.001288659793814433 -0.002304147465437788 -0.002577319587628866
0 0.001152073732718894 0.001288659793814433 -0.002304147465437788 -0.002577319587628866
0 0.001152073732718894 0.001288659793814433 -0.002304147465437788 -0.002577319587628866
0 0.001152073732718894 0.001288659793814433 -0.002304147465437788 -0.002577319587628866
0 0.001152073732718894 0.001288659793814433 -0.002304147465437788 -0.002577319587628866
0 0.2799539170506912 0.07087628865979381 0.03456221198156682 0.09536082474226804
