0 0.001152073732718894 0.001288659793814433 -0.002304147465437788 -0.002577319587628866
0 0.27419354838709675 0.25 0.07834101382488479 0.20618556701030927
0 0.4504608294930876 0.25257731958762886 0.08064516129032258 0.211340206185567
0 0.001152073732718894 0.001288659793814433 -0.002304147465437788 -0.002577319587628866
0 0.001152073732718894 0.001288659793814433 -0.002304147465437788 -0.002577319587628866
0 0.001152073732718894 0.001288659793814433 -0.002304147465437788 -0.002577319587628866
0 0.3294930875576037 0.27835051546391754 0.07373271889400922 0.1958762886597938
0 0.39055299539170507 0.2809278350515464 0.07603686635944701 0.20103092783505155
0 0.001152073732718894 0.001288659793814433 -0.002304147465437788 -0.002577319587628866
0 0.001152073732718894 0.001288659793814433 -0.002304147465437788 -0.002577319587628866
0 0.2073732718894009 0.297680412371134 0.08755760368663594 0.22938144329896906
0 0.3467741935483871 0.634020618556701 0.16820276497695852 0.1958762886597938
0 0.6048387096774194 0.6469072164948454 0.12672811059907835 0.17525773195876287
0 0.4447004608294931 0.6610824742268041 0.1336405529953917 0.14175257731958762
0 0.6923963133640553 0.6662371134020618 0.12672811059907835 0.13659793814432988
0 0.001152073732718894 0.001288659793814433 -0.002304147465437788 -0.002577319587628866
