0 0.7515625 0.5364583333333334 0.046875 0.14375
0 0.35625 0.528125 0.053125000000000006 0.16041666666666665
0 0.0203125 0.50625 0.037500000000000006 0.12916666666666665
0 0.47500000000000003 0.5239583333333333 0.05 0.15208333333333332
0 0.56796875 0.534375 0.0421875 0.12708333333333333
0 0.53046875 0.525 0.0421875 0.13333333333333333
0 0.5015625 0.525 0.040625 0.125
0 0.46328125000000003 0.51875 0.045312500000000006 0.14166666666666666
0 0.925 0.5520833333333334 0.037500000000000006 0.1125
0 0.21328125 0.509375 0.029687500000000002 0.08958333333333333
0 0.62890625 0.5291666666666667 0.029687500000000002 0.09166666666666666
0 0.6953125 0.528125 0.025 0.08125
