0 0.001152073732718894 0.001288659793814433 -0.002304147465437788 -0.002577319587628866
0 0.41705069124423966 0.5927835051546392 0.17050691244239632 0.27319587628865977
0 0.652073732718894 0.6030927835051546 0.16589861751152074 0.25773195876288657
0 0.001152073732718894 0.001288659793814433 -0.002304147465437788 -0.002577319587628866
0 0.001152073732718894 0.001288659793814433 -0.002304147465437788 -0.002577319587628866
0 0.001152073732718894 0.001288659793814433 -0.002304147465437788 -0.002577319587628866
0 0.27419354838709675 0.1404639175257732 0.05069124423963134 0.13144329896907217
0 0.32373271889400923 0.13788659793814434 0.04377880184331797 0.11597938144329897
0 0.001152073732718894 0.001288659793814433 -0.002304147465437788 -0.002577319587628866
0 0.001152073732718894 0.001288659793814433 -0.002304147465437788 -0.002577319587628866
0 0.001152073732718894 0.001288659793814433 -0.002304147465437788 -0.002577319587628866
0 0.20046082949308755 0.25128865979381443 0.07373271889400922 0.18814432989690721
0 0.3709677419354839 0.25257731958762886 0.06912442396313365 0.18556701030927836
0 0.3122119815668203 0.2538659793814433 0.06682027649769585 0.17783505154639176
0 0.39631336405529954 0.2654639175257732 0.06912442396313365 0.17525773195876287
0 0.18778801843317972 0.12242268041237113 0.04377880184331797 0.11597938144329897
0 0.33640552995391704 0.07216494845360824 0.03686635944700461 0.0979381443298969
