0 0.001152073732718894 0.001288659793814433 -0.002304147465437788 -0.002577319587628866
0 0.4631336405529954 0.6610824742268041 0.15207373271889402 0.13144329896907217
0 0.001152073732718894 0.001288659793814433 -0.002304147465437788 -0.002577319587628866
0 0.001152073732718894 0.001288659793814433 -0.002304147465437788 -0.002577319587628866
0 0.001152073732718894 0.001288659793814433 -0.002304147465437788 -0.002577319587628866
0 0.27880184331797236 0.12628865979381443 0.04608294930875576 0.11855670103092783
0 0.3271889400921659 0.12757731958762886 0.04608294930875576 0.11597938144329897
0 0.001152073732718894 0.001288659793814433 -0.002304147465437788 -0.002577319587628866
0 0.001152073732718894 0.001288659793814433 -0.002304147465437788 -0.002577319587628866
0 0.001152073732718894 0.001288659793814433 -0.002304147465437788 -0.002577319587628866
0 0.001152073732718894 0.001288659793814433 -0.002304147465437788 -0.002577319587628866
0 0.3271889400921659 0.2152061855670103 0.06451612903225806 0.16752577319587628
0 0.23732718894009217 0.2229381443298969 0.059907834101382486 0.15721649484536082
0 0.18778801843317972 0.2461340206185567 0.06221198156682028 0.16237113402061856
0 0.20622119815668202 0.14948453608247422 0.052995391705069124 0.13917525773195877
0 0.3548387096774194 0.06314432989690721 0.03225806451612903 0.07989690721649484
