0 0.5640625 0.41354166666666664 0.07187500000000001 0.2604166666666667
0 0.60078125 0.5104166666666666 0.2015625 0.49166666666666664
0 0.6429687500000001 0.4145833333333333 0.0859375 0.26666666666666666
0 0.1046875 0.43333333333333335 0.03125 0.10416666666666667
0 0.47734375 0.4125 0.06406250000000001 0.2583333333333333
0 0.22812500000000002 0.428125 0.046875 0.16875
0 0.16562500000000002 0.4270833333333333 0.053125000000000006 0.17916666666666667
0 0.97421875 0.396875 0.045312500000000006 0.25625
0 0.45937500000000003 0.41354166666666664 0.03125 0.14375
0 0.34375 0.49583333333333335 0.13125 0.4583333333333333
0 0.39140625 0.48125 0.0671875 0.42916666666666664
0 0.40156250000000004 0.4083333333333333 0.05625 0.20833333333333334
0 0.446875 0.4125 0.05 0.20833333333333334
0 0.83125 0.4083333333333333 0.043750000000000004 0.15833333333333333
0 0.61640625 0.5010416666666666 0.1703125 0.4395833333333333
0 0.56171875 0.403125 0.060937500000000006 0.23124999999999998
0 0.59140625 0.409375 0.0546875 0.22291666666666665
0 0.7765625 0.4145833333333333 0.043750000000000004 0.13333333333333333
0 0.73828125 0.41041666666666665 0.035937500000000004 0.125
